27 193
15 45 36 77 48 78 65 99 26 30 62 55 66 111 42 72 48 116 93 20 50 24 27 108 3 72 89 35 81 70 27 67 30 50 73 91 18 25 81 45 28 109 23 6 18 74 72 74 14 28 45 85 68 69 25 75 54 45 42 97 114 97 81 41 36 30 3 13 31 26 103 77 27 66 23 79 85 26 33 57 27 97 97 48 99 26 76 48 54 30 67 83 14 109 94 24 41 33 66 105 54 55 89 27 74 54 59 36 71 14 76 106 70 10 16 43 88 18 22 94 24 44 94 40 69 11 113 21 81 66 35 46 44 31 87 10 92 61 29 103 21 104 98 79 62 55 99 57 33 83 106 18 30 58 105 29 75 48 26 42 57 29 55 77 34 82 111 51 25 21 77 59 8 34 62 85 29 90 99 70 96 75 69 60 68 103 66 50 18 91 93 54 50
15 62 33 71 53 83 66 99 33 27 47 46 81 114 45 62 48 114 95 20 41 36 14 107 8 78 78 35 88 73 21 54 35 48 67 90 32 17 68 40 30 113 25 19 17 62 77 58 5 37 52 84 69 70 22 87 56 35 38 108 112 109 79 53 38 34 18 3 28 10 93 79 21 74 13 81 88 33 43 59 14 101 101 55 90 21 59 56 58 20 63 91 14 103 93 16 44 23 62 89 45 40 88 32 88 48 60 22 75 19 61 101 73 23 26 28 87 17 29 102 24 58 91 45 63 23 101 27 84 66 48 46 45 27 70 8 91 60 15 95 34 106 89 79 58 44 102 59 23 71 103 20 19 40 113 29 75 41 11 49 60 33 56 66 29 80 116 46 21 27 78 54 9 36 54 84 32 98 91 53 99 62 68 62 79 112 71 52 14 77 96 49 48
5 52 37 72 54 85 61 100 31 21 59 46 84 103 37 70 48 112 97 26 41 36 29 98 18 78 77 40 75 62 21 60 27 46 77 84 33 11 68 45 42 99 26 20 27 63 78 67 7 37 41 83 64 83 29 80 46 45 47 108 107 111 77 39 45 37 11 10 29 18 91 76 20 66 4 79 87 35 29 66 25 93 92 55 95 23 74 62 65 17 55 88 11 99 86 28 52 26 58 104 57 46 80 33 71 45 62 20 63 20 72 100 75 26 13 38 104 26 30 103 15 46 100 32 70 7 100 11 95 57 52 41 41 30 82 18 100 59 20 89 30 98 88 70 65 55 90 56 35 80 95 19 27 47 112 23 82 42 16 34 67 39 43 80 35 71 104 38 34 30 77 55 17 21 46 97 33 108 92 65 97 69 51 63 69 115 63 65 22 73 91 49 39
11 56 46 74 54 86 77 92 43 20 59 55 80 115 34 63 52 109 92 20 54 34 25 98 8 69 87 35 80 72 22 54 20 48 76 83 36 10 81 41 27 114 13 14 29 66 80 56 16 25 51 85 73 68 26 83 57 52 38 91 114 105 69 39 29 30 18 17 24 16 91 86 27 63 9 74 72 23 26 69 15 108 101 43 85 27 77 51 56 22 52 93 27 105 98 10 51 32 51 105 46 45 90 35 82 41 65 27 79 7 70 101 69 15 29 27 94 32 31 109 14 53 96 31 63 19 102 21 90 60 46 60 49 29 85 17 86 66 28 92 20 91 95 84 50 43 97 52 36 82 106 32 24 48 105 15 87 35 14 39 67 36 43 69 21 71 114 42 26 32 65 60 6 31 52 81 22 103 93 70 103 70 69 58 85 110 66 51 5 84 92 43 44
16 45 39 80 52 78 73 94 27 21 53 43 80 100 47 71 42 102 87 26 49 27 21 91 14 68 76 36 87 58 18 61 28 58 68 84 30 27 78 35 43 107 21 24 16 65 85 65 10 37 37 68 66 81 34 71 49 47 33 95 98 114 77 48 42 42 18 20 25 27 100 75 19 60 19 82 90 26 31 69 29 108 93 47 97 19 74 64 49 33 65 95 27 111 94 21 47 21 56 94 49 44 84 27 78 52 65 18 78 11 61 99 66 23 22 43 104 36 17 110 20 51 96 26 75 24 112 13 93 59 52 55 51 39 75 10 95 76 24 94 24 108 94 67 51 51 89 58 28 72 96 24 22 51 98 16 82 39 19 37 53 33 52 74 35 70 114 37 34 26 68 59 20 22 48 98 17 101 96 66 96 74 67 49 82 117 75 68 17 80 88 51 49
14 53 35 69 55 91 75 106 33 28 53 52 83 104 34 71 43 101 92 24 54 31 19 98 17 63 79 30 84 73 18 55 24 45 80 96 22 16 74 41 36 116 28 19 15 76 83 67 2 28 39 75 69 81 21 74 52 37 29 99 101 108 74 35 37 46 9 20 23 14 103 83 19 57 22 80 79 23 38 66 29 110 93 39 82 16 62 58 64 25 66 89 10 110 103 14 59 20 61 88 53 39 92 24 70 55 58 24 64 14 59 104 70 11 24 32 105 23 27 104 6 58 100 30 67 20 104 28 86 64 38 47 47 35 71 14 97 61 32 98 34 105 82 77 48 56 93 51 37 80 97 23 25 59 97 22 77 38 19 43 52 39 51 71 29 68 100 47 25 25 67 67 13 22 62 93 23 104 85 54 98 66 57 56 68 113 77 66 9 76 85 52 53
10 53 30 72 57 74 74 108 40 24 60 52 81 98 40 63 43 109 93 29 44 29 15 102 20 74 87 39 71 68 26 69 22 58 73 80 30 13 65 29 34 107 13 10 26 75 82 59 12 23 48 82 61 76 30 84 49 43 29 102 99 103 76 51 37 44 3 9 35 25 101 76 31 72 9 68 73 32 29 64 12 105 107 47 92 22 75 50 50 22 55 85 18 108 100 14 49 24 63 101 42 38 81 22 89 54 67 25 71 3 62 113 77 22 24 25 99 21 29 91 16 54 93 38 78 12 106 16 88 71 53 42 50 26 68 21 94 57 26 95 28 91 81 85 61 46 101 58 23 81 108 28 26 59 111 13 71 53 13 39 61 38 53 65 30 70 110 38 22 29 77 60 7 37 55 82 34 105 100 56 85 70 54 54 77 109 77 56 12 84 93 41 43
13 55 49 79 45 76 64 110 26 29 45 57 75 115 33 81 40 105 96 16 40 33 21 91 6 73 75 30 82 67 31 69 27 53 70 83 33 14 67 34 28 104 10 8 19 81 89 62 11 29 50 76 71 68 34 84 47 48 37 103 112 109 80 46 40 29 9 20 24 26 92 91 28 64 11 77 87 27 42 56 28 94 101 48 82 19 62 64 59 32 65 92 24 102 97 20 43 34 60 93 41 49 82 32 89 53 65 22 67 17 66 102 73 26 31 27 103 20 14 106 17 52 94 35 77 24 97 24 88 67 39 43 37 37 72 23 89 69 21 91 31 93 86 72 56 53 101 67 30 75 98 28 21 50 105 19 84 41 15 43 52 39 44 79 28 81 106 53 27 26 63 56 11 34 54 98 25 97 93 58 89 70 63 51 79 104 60 61 17 87 81 48 53
17 59 45 62 51 83 77 104 27 25 44 60 85 111 42 76 42 115 84 14 43 36 18 103 15 73 74 40 85 68 19 63 28 56 72 82 27 22 71 34 35 111 13 16 20 74 79 63 14 34 50 78 60 76 18 80 43 49 32 104 113 105 84 50 39 30 20 6 35 9 86 79 31 70 10 84 82 31 33 54 26 112 105 44 82 30 64 57 50 17 63 95 17 111 96 28 49 29 49 94 40 49 83 21 76 47 66 26 76 4 68 105 75 12 19 42 97 34 21 98 21 59 89 35 67 23 112 19 98 53 38 47 49 43 85 12 88 66 19 94 38 89 96 69 60 60 96 60 33 73 105 29 25 50 112 17 74 50 17 35 59 38 45 72 30 65 113 39 28 32 74 54 18 24 44 99 24 97 99 67 89 76 65 54 80 110 72 69 13 82 97 36 45
16 46 31 74 46 77 71 96 25 33 57 58 83 99 30 68 46 105 93 32 40 30 23 100 12 74 85 42 90 72 26 67 36 62 73 78 27 18 70 44 29 111 13 14 32 71 78 63 18 20 40 76 76 74 29 79 48 51 36 90 113 109 77 45 37 38 6 19 30 14 101 90 18 63 22 67 84 38 44 58 26 109 104 50 81 35 76 66 56 20 60 86 24 107 88 18 46 21 52 93 43 42 94 25 87 52 57 20 69 4 72 103 72 12 12 33 103 22 30 99 18 46 98 29 74 8 98 16 88 52 43 48 40 35 84 25 99 75 29 91 39 99 95 78 50 60 103 52 24 70 109 28 20 59 95 20 77 39 7 45 63 33 47 80 20 79 113 55 38 33 72 68 23 21 45 99 23 104 99 58 100 68 51 51 69 114 64 64 17 82 89 37 39
15 48 38 70 53 75 62 92 29 32 44 55 69 114 40 79 39 99 90 25 53 34 15 94 3 71 76 45 80 57 19 53 27 62 76 87 21 24 63 36 33 110 28 11 31 70 74 62 16 27 38 69 72 82 28 74 48 35 35 93 99 110 78 36 38 33 5 12 20 27 101 92 20 58 18 73 85 30 40 51 30 112 106 54 94 26 64 64 48 34 53 89 12 105 95 11 45 33 54 91 43 37 86 24 81 48 63 31 62 21 63 99 65 17 29 25 90 33 22 106 18 55 98 44 68 12 99 29 80 61 49 57 43 44 75 23 91 75 15 96 36 104 96 85 49 45 93 66 25 71 107 24 29 54 102 11 82 44 20 48 59 40 46 76 22 74 118 53 22 15 77 66 16 19 56 86 31 90 90 64 91 75 50 59 82 100 76 58 12 81 98 41 39
19 51 37 79 43 80 73 102 30 17 43 52 67 108 31 65 46 113 84 32 41 25 13 89 15 68 87 36 88 64 35 55 36 59 64 83 20 14 80 33 39 117 22 20 16 66 73 56 3 23 41 82 59 82 30 72 42 45 33 98 104 99 72 42 27 34 15 13 31 10 97 73 31 66 16 72 83 37 33 65 29 104 106 46 94 32 72 51 58 18 59 83 12 106 100 11 40 23 66 105 48 48 91 24 75 55 57 23 63 9 72 108 74 19 28 39 95 21 17 101 7 52 85 36 77 22 102 12 81 54 36 53 44 37 72 22 85 64 29 87 31 106 88 72 55 46 105 50 35 69 109 34 17 55 105 24 81 36 12 51 67 35 57 80 37 67 104 46 25 26 63 59 14 28 56 87 29 105 88 65 90 67 56 59 74 99 61 54 8 88 89 51 36
19 55 41 71 40 75 72 93 33 22 51 43 79 106 46 64 44 109 87 19 41 30 13 90 17 64 87 31 77 65 17 52 18 49 63 90 17 15 75 30 31 109 19 23 17 76 87 71 15 23 45 81 75 82 19 82 48 43 36 97 101 99 70 38 38 37 11 5 38 27 89 88 24 70 21 86 81 24 33 56 30 106 100 43 82 28 76 50 47 15 52 85 28 93 93 22 50 22 47 106 47 50 91 19 81 49 62 19 77 12 65 107 68 22 16 27 95 32 21 104 11 48 88 30 77 23 109 28 85 70 52 46 48 34 71 13 84 67 20 96 36 102 94 73 65 57 86 56 29 80 105 19 16 46 108 15 76 49 12 46 52 33 50 65 30 78 101 51 35 18 62 62 21 38 52 94 15 90 103 55 92 66 56 67 77 104 74 62 6 87 95 38 41
19 50 35 71 53 84 66 100 44 34 47 45 83 115 35 66 50 116 97 17 53 27 25 95 9 75 86 30 79 55 32 69 24 61 78 85 36 27 66 38 33 115 16 17 20 76 85 59 6 38 37 80 75 67 33 79 55 52 36 106 99 112 73 36 27 39 16 9 28 16 104 86 14 64 6 79 75 21 44 69 30 100 101 44 84 17 61 62 63 24 58 100 18 112 88 19 59 35 63 87 41 36 76 28 78 44 61 24 64 12 69 113 62 22 23 28 86 31 23 107 18 48 101 33 71 14 111 23 90 69 44 48 46 25 87 13 101 64 33 98 32 100 88 78 60 45 103 52 35 84 108 19 27 49 108 11 79 40 23 47 68 36 58 69 37 79 99 42 38 27 68 63 24 36 58 85 22 102 98 54 94 73 68 56 73 118 63 57 13 74 81 46 37
16 47 34 68 58 83 63 93 36 18 51 47 71 102 31 74 38 110 99 26 46 24 16 99 6 77 81 35 89 71 30 65 17 53 66 85 33 22 81 39 33 111 25 9 25 73 77 57 20 37 39 79 58 65 31 71 54 46 39 100 115 109 73 44 28 31 11 7 38 12 91 88 13 69 19 83 76 36 40 69 16 95 108 53 92 29 71 51 66 34 56 89 22 100 96 29 54 33 63 92 47 48 84 20 73 49 71 32 80 19 73 115 80 24 16 28 96 23 19 102 21 45 95 30 69 6 97 16 81 66 38 60 44 33 87 12 102 71 29 97 26 101 81 71 55 44 104 49 28 75 111 19 24 51 110 26 76 52 16 40 62 23 52 62 21 77 115 55 24 19 67 56 15 31 56 92 25 91 94 60 100 64 57 67 66 114 68 68 23 90 94 46 36
19 58 43 74 55 85 72 97 43 31 55 55 80 110 39 69 52 101 84 25 48 27 17 105 4 67 89 44 81 74 27 59 23 64 64 87 28 17 66 38 46 115 19 8 17 73 71 61 14 32 44 71 65 67 17 70 50 51 40 92 113 111 84 46 29 45 12 8 25 25 87 86 18 66 6 71 74 25 31 56 26 109 108 41 93 21 74 49 56 31 62 87 13 111 91 14 50 33 53 97 55 53 81 25 88 43 65 30 70 15 73 103 70 18 15 24 97 21 22 97 18 62 94 39 60 25 106 26 90 64 45 60 51 32 73 20 83 64 29 102 37 103 89 68 61 51 98 59 30 68 111 19 31 43 102 27 79 51 8 37 58 30 49 63 36 67 101 47 35 18 78 61 12 25 48 90 23 89 95 67 99 66 59 49 69 104 76 65 14 78 90 46 48
21 46 33 63 52 88 74 92 35 16 58 58 82 96 38 79 47 116 84 31 43 31 12 102 11 73 88 44 77 63 32 62 23 57 63 88 35 15 66 29 44 101 26 25 17 70 89 55 9 35 38 83 62 72 25 70 61 44 29 104 100 113 82 42 31 38 12 7 19 17 98 88 20 76 8 83 82 35 43 53 22 101 98 42 96 30 76 54 64 23 53 84 17 95 84 18 57 36 63 90 47 51 79 26 86 50 60 24 68 19 77 100 63 12 16 29 98 25 15 102 25 60 83 45 67 11 109 26 98 69 36 57 39 30 80 17 84 62 14 101 26 105 84 71 46 44 103 63 23 78 103 16 15 50 110 21 84 36 14 45 67 39 42 71 28 79 113 46 37 20 79 54 7 36 52 93 32 108 102 53 102 71 66 52 74 113 59 53 5 84 90 45 46
4 47 42 61 45 91 65 92 42 22 44 48 75 115 29 68 52 97 93 24 54 20 19 99 14 73 92 35 88 61 21 53 28 54 65 85 32 26 82 44 34 99 14 20 29 68 89 74 1 21 42 74 68 70 15 79 57 48 40 92 112 110 80 37 42 40 9 6 22 23 104 92 23 70 6 84 76 30 29 63 21 96 96 45 96 24 68 55 64 32 62 100 14 100 97 19 55 29 65 105 41 54 76 24 78 53 69 34 65 14 63 105 68 22 22 35 102 19 32 104 12 50 92 29 70 14 94 24 89 64 48 45 47 31 74 16 85 73 25 88 28 94 84 74 49 43 88 67 20 68 109 22 19 51 113 10 83 53 24 38 54 23 41 75 33 83 107 56 31 15 68 62 24 37 61 94 17 95 100 57 87 64 61 67 71 103 65 58 5 90 88 44 45
19 49 42 72 58 89 75 105 26 35 54 48 75 104 41 64 47 100 85 31 47 25 20 104 10 80 84 35 74 69 33 66 26 51 77 95 31 11 70 47 31 99 13 9 19 65 72 66 13 31 34 73 76 78 30 81 43 36 41 92 106 103 72 51 41 33 1 8 33 17 95 88 31 72 6 78 78 37 35 50 15 99 105 40 97 22 76 62 59 20 50 95 17 95 102 29 51 18 48 100 45 40 76 16 78 51 64 29 69 19 77 103 78 13 31 43 88 25 28 110 13 60 89 34 61 19 111 10 99 58 36 54 56 37 76 19 93 71 29 101 22 100 89 72 64 42 105 55 34 77 94 16 16 41 104 28 79 52 10 36 65 28 55 64 30 83 112 43 20 16 71 67 15 27 52 85 30 99 87 60 102 69 54 63 76 118 62 54 9 89 79 49 39
21 56 48 69 52 93 64 92 33 29 47 55 67 107 45 79 39 114 93 19 53 22 30 93 9 73 88 31 77 68 24 54 29 54 81 97 26 8 70 33 43 111 14 19 31 67 74 70 19 26 51 70 64 82 28 76 52 43 30 109 97 98 86 43 42 34 2 14 36 15 100 78 32 67 10 77 76 35 25 69 20 94 95 36 100 24 76 50 52 24 62 93 13 112 93 12 47 26 64 101 47 48 87 26 73 42 64 30 77 8 64 115 79 10 18 36 104 31 28 101 17 49 90 27 77 11 105 11 89 56 50 46 39 27 71 12 87 62 32 91 30 100 85 83 59 55 105 56 39 66 105 20 17 44 111 28 70 39 23 32 60 28 43 66 27 77 109 39 27 25 68 58 14 31 52 94 21 90 95 61 102 60 65 57 75 103 75 57 17 82 80 35 41
10 63 49 72 57 89 71 109 32 23 54 60 68 108 43 70 39 103 100 30 37 17 29 106 2 62 88 37 81 74 28 62 35 52 64 97 26 20 67 42 40 114 22 11 32 77 74 56 2 34 37 85 75 74 16 83 49 41 47 93 114 115 73 50 38 39 5 13 23 13 87 80 20 73 7 81 87 33 38 65 16 112 93 44 96 32 73 53 62 29 67 96 15 101 102 24 49 29 62 92 42 37 82 26 79 49 60 25 78 18 73 105 80 18 29 25 95 33 25 95 20 47 85 31 71 21 111 11 86 58 39 50 48 43 87 7 90 76 22 102 22 98 87 66 59 49 105 50 27 79 95 30 15 44 105 20 76 49 11 35 61 21 54 74 24 75 109 49 30 18 65 62 22 38 46 87 27 103 87 53 103 57 63 50 80 117 73 60 17 81 98 36 49
12 55 41 72 58 86 71 91 44 18 46 42 81 105 36 64 43 101 93 19 43 28 17 92 5 61 90 39 79 67 28 53 26 58 67 95 33 26 74 28 40 105 28 9 17 76 89 72 17 30 33 86 71 78 21 68 55 34 38 100 112 106 72 46 33 46 19 1 36 11 97 76 32 66 7 78 87 27 44 65 25 99 91 42 94 21 75 55 50 23 66 93 14 104 86 24 46 25 54 97 47 55 76 35 76 53 61 36 64 5 71 109 64 16 18 29 99 32 28 105 21 52 92 44 66 10 111 20 87 66 34 53 48 40 73 18 89 69 23 98 30 99 97 79 52 55 100 59 30 72 107 33 21 53 103 13 80 43 21 42 50 27 43 80 18 77 110 55 28 25 73 67 23 28 51 80 30 100 101 69 104 69 66 48 79 115 60 57 21 72 97 41 37
7 46 43 64 57 75 70 100 33 24 57 49 72 113 34 73 47 108 81 32 55 24 30 104 15 71 81 38 82 59 36 71 19 63 80 92 20 27 75 33 46 101 22 20 23 80 82 73 2 35 36 67 63 76 27 82 58 41 38 94 102 101 70 37 26 31 15 5 32 16 104 82 27 67 20 85 82 34 39 58 15 108 100 37 87 22 64 53 62 34 58 89 23 102 90 15 59 34 64 91 41 49 75 22 78 57 70 24 70 11 78 97 79 25 20 35 92 19 19 108 13 59 82 28 68 13 112 21 89 70 44 60 46 38 69 6 101 64 21 94 30 104 93 77 63 41 100 57 32 71 95 18 27 57 98 23 83 45 9 51 53 23 50 68 24 80 105 56 23 15 69 51 19 29 63 99 33 96 87 60 93 62 53 58 84 105 66 61 7 84 95 37 45
5 61 39 62 47 84 62 100 29 22 53 48 68 113 34 78 51 104 85 24 50 33 23 103 16 74 90 46 90 60 22 71 28 48 77 80 32 9 73 41 28 106 12 9 27 81 77 58 12 37 46 75 57 71 33 86 57 45 45 95 104 110 85 44 29 45 17 8 38 26 95 84 19 60 21 70 89 35 40 53 20 98 101 47 99 23 73 67 60 26 55 82 22 95 91 11 52 23 66 97 47 48 84 35 73 59 63 24 61 17 78 113 72 17 24 30 91 28 33 101 21 45 86 36 65 21 109 24 99 54 42 53 38 41 69 18 86 74 20 91 33 99 97 74 57 48 87 55 36 74 111 15 22 43 112 29 71 52 13 46 66 22 44 75 22 77 105 50 36 14 78 70 17 29 45 95 20 107 94 59 102 61 57 51 85 113 70 58 20 78 83 43 45
11 55 46 64 39 85 71 94 41 20 62 57 84 111 30 68 46 109 93 13 44 28 13 107 10 66 73 46 83 72 23 71 18 62 78 96 32 21 73 41 40 114 11 16 25 81 73 69 15 26 46 84 68 67 16 76 56 51 34 99 115 107 79 49 31 32 3 18 21 10 90 77 19 73 23 78 89 25 37 58 26 112 98 55 100 35 61 58 54 22 51 88 29 99 90 13 48 31 60 101 49 49 85 18 89 55 70 33 72 20 66 108 79 27 25 42 96 25 16 94 20 46 97 29 64 17 103 22 90 64 40 57 48 43 73 15 98 71 28 98 29 101 79 81 49 42 102 58 39 71 104 32 21 52 108 22 81 41 17 44 52 35 41 64 23 76 103 54 28 31 72 55 22 21 56 84 26 99 101 52 88 69 60 60 83 115 58 60 4 76 98 42 34
12 51 41 68 46 92 70 108 26 30 62 56 68 106 48 67 54 110 98 24 38 34 29 99 18 79 92 28 77 63 20 59 27 47 64 88 35 21 74 46 28 98 25 8 30 75 83 57 4 29 35 82 72 81 27 69 47 39 33 106 96 108 76 46 41 27 14 3 28 24 90 81 21 67 6 75 78 33 32 62 17 111 102 55 96 22 77 57 59 23 49 92 24 96 86 23 49 35 60 100 46 38 84 21 77 50 66 22 64 18 78 111 66 8 23 34 87 32 16 97 8 60 101 41 64 14 105 25 92 55 47 58 41 39 76 13 98 73 32 91 28 93 81 77 59 57 104 55 29 69 104 34 20 44 110 19 87 38 19 33 65 29 40 65 26 67 105 49 33 25 67 58 24 30 51 90 19 107 102 67 90 67 58 55 81 113 65 57 20 79 90 46 48
17 44 45 80 48 75 71 98 44 26 47 44 73 111 35 67 49 108 87 30 54 18 21 103 4 74 83 45 88 73 35 64 28 48 62 93 34 18 77 41 43 103 29 16 33 70 72 71 3 21 36 80 72 76 23 71 57 36 28 92 106 112 73 38 44 42 4 3 20 18 98 76 26 59 22 73 73 27 32 53 22 99 98 53 98 24 72 50 54 29 58 90 11 110 95 22 58 33 51 100 46 47 89 34 84 59 55 21 78 12 72 99 78 12 27 42 101 29 27 97 17 48 98 44 69 13 105 20 95 68 42 43 38 40 72 19 87 64 22 86 35 100 91 85 52 50 92 59 21 74 102 18 13 41 112 15 87 38 22 51 66 39 58 65 26 72 100 42 31 18 76 61 25 24 46 98 17 100 97 55 95 58 54 50 75 104 70 63 19 77 85 41 47

3 7
65 43 19 113 38 77 87
83 30 20 99 45 70 71
66 35 2 115 26 84 85

3 7
12 20 302 12 43 55 60
11 21 301 10 40 50 61
10 22 300 13 42 63 63

3 6
12 301 10 403 501 20
11 303 13 400 503 22
10 300 11 402 500 21

1 3
300 500 300

3 10
98 9 34 16 78 106 76 61 94 67
106 20 33 29 64 98 66 69 85 49
117 10 51 23 81 114 58 76 84 55

0 0
