1000
-8.82 55.58
-29.80 78.49
-39.80 62.10
-28.45 75.67
2.62 73.54
-59.64 84.82
-5.23 65.69
-23.94 62.81
-1.89 86.59
-28.65 74.24
-31.00 50.24
-13.60 49.30
-17.62 49.69
-37.05 58.89
-28.64 65.40
-28.29 75.17
-32.86 69.89
-13.73 46.41
-17.65 73.89
-14.59 77.06
-35.98 108.03
-40.07 66.64
-21.18 68.85
-13.21 72.35
-56.66 85.01
-37.67 61.27
-28.77 80.81
-10.78 68.83
-20.81 76.44
-44.78 83.87
-39.12 53.42
8.73 73.59
-20.02 67.81
-54.17 76.20
-3.47 94.44
-23.65 57.30
-10.90 75.25
-33.73 65.96
-32.31 46.57
-25.96 54.36
-21.33 79.84
-32.75 87.40
-16.52 61.87
-33.41 70.14
-6.70 51.08
-26.54 74.96
-7.13 75.28
-20.80 55.19
-48.89 94.76
-31.08 67.17
-19.96 58.62
-12.55 67.89
-20.23 47.75
-38.78 60.99
-15.24 89.92
-32.76 64.14
-24.58 65.92
-28.63 40.17
-27.89 97.24
-37.37 77.33
-28.48 78.86
-27.33 73.58
-32.18 64.47
-21.72 90.31
-26.09 73.73
-54.43 64.50
-30.34 93.17
-31.33 91.52
-23.03 76.08
-56.19 62.10
-28.22 81.36
-33.30 78.13
-25.12 78.66
-27.87 69.39
-43.01 73.35
-30.18 71.62
-25.11 107.33
-25.71 84.67
-39.87 46.40
-9.43 72.43
-32.11 87.77
-10.70 64.14
-3.42 75.72
-28.07 68.94
-24.97 76.38
-22.88 84.52
-41.88 76.96
-48.01 69.31
-11.88 54.21
-23.27 83.82
-36.44 82.58
-25.50 104.93
-4.58 86.09
-41.77 68.02
0.51 69.53
-13.06 90.24
-16.04 79.86
-24.59 75.05
-25.32 78.01
-7.55 87.61
-16.72 65.76
-20.44 66.41
-13.59 71.75
-13.37 81.09
-47.00 57.33
-19.94 83.59
-24.92 76.09
-31.71 62.72
-20.68 72.25
-17.82 71.28
-18.18 45.64
-24.50 77.31
0.39 91.62
-23.33 74.44
-30.57 65.36
-25.75 75.17
-32.80 93.67
-10.62 64.45
-18.12 70.11
7.08 86.46
-24.14 93.82
-32.65 74.16
-34.96 68.47
-33.16 75.73
-43.16 79.89
-35.99 86.25
-34.38 77.22
-10.60 87.32
-41.44 63.54
-24.88 75.01
-15.85 78.21
-16.17 57.49
-15.30 82.84
-45.25 58.94
-39.04 42.80
-49.20 74.72
-3.65 50.96
-25.63 77.06
-25.79 92.40
1.07 71.71
-13.54 98.11
-13.38 72.94
-8.59 60.20
-24.85 78.06
-11.36 85.59
-25.24 72.68
-28.28 71.54
-46.72 77.05
-36.69 100.16
-25.58 72.03
-25.56 75.44
-17.28 71.84
-31.89 97.22
-20.13 79.58
-7.28 68.84
-25.78 78.36
-29.25 77.48
-25.14 67.56
-28.82 86.18
-15.95 42.71
-12.08 79.65
-45.25 71.56
-11.80 96.61
-26.34 75.86
-13.49 87.54
-32.91 76.53
-56.40 82.97
-40.19 73.96
-47.40 59.67
-33.12 96.36
-32.26 57.44
-36.55 58.64
-24.39 71.52
-39.03 82.04
-27.96 77.91
-33.56 76.31
-21.98 60.92
-25.09 76.16
7.00 84.39
-43.93 85.63
-24.01 69.96
4.78 86.29
-29.15 84.03
-5.25 77.41
-13.53 105.98
-36.58 78.58
-1.68 55.08
-21.39 75.77
-49.30 70.37
-23.28 60.35
-43.29 48.27
-30.53 83.51
-28.58 91.30
-38.58 86.11
-14.74 79.44
-54.48 77.96
-32.21 46.21
-10.07 87.15
-24.79 76.32
-21.72 74.23
-35.48 79.96
-20.01 88.88
-36.95 74.22
-18.76 75.78
-26.96 74.27
1.60 70.29
-15.74 77.99
-26.94 64.73
-23.71 64.49
-28.38 72.30
1.62 63.97
-27.60 71.62
-37.07 55.51
-37.53 50.63
-3.82 58.28
-6.32 86.74
-14.04 77.50
-31.29 67.91
-44.43 80.39
-44.40 62.00
-28.33 76.98
-39.40 90.51
-13.65 64.09
-24.84 72.18
-21.49 98.62
-40.56 77.19
-30.93 73.96
-23.56 70.33
-18.46 72.68
-8.22 75.28
-2.71 94.45
-24.01 78.02
-28.39 79.55
-37.84 49.64
-53.47 83.21
-17.65 69.59
-7.21 49.91
-31.23 83.24
-42.68 95.10
-29.08 78.95
-45.17 68.29
-26.69 44.87
-21.84 76.20
-34.18 93.35
7.68 83.85
-22.74 64.65
-29.81 78.80
-32.47 108.73
-25.02 48.99
-57.66 63.42
-25.21 83.18
-12.33 84.97
-26.20 72.47
-19.02 61.01
-28.16 74.13
-28.92 69.48
-20.88 77.53
-25.36 90.46
-22.65 75.04
-6.02 81.19
-25.43 75.53
-8.60 100.09
-23.58 65.63
-10.38 78.97
-40.91 86.98
-26.12 54.54
-3.66 82.20
-28.96 45.76
-32.88 101.96
-14.10 59.78
-26.38 44.36
-7.15 77.92
0.87 64.34
-18.23 69.58
-8.87 48.13
2.34 57.46
-22.65 49.95
-23.39 75.81
-45.17 75.95
-24.16 76.47
-46.26 51.28
-54.36 68.76
-36.89 54.03
-34.71 78.64
-11.20 44.32
-19.63 66.79
-17.02 57.43
-46.77 98.00
-7.20 95.37
-30.65 67.85
-13.85 108.11
-32.71 56.75
-49.44 50.95
-50.62 73.73
-25.58 71.18
-4.51 78.54
-37.94 81.86
-7.64 84.38
-23.90 72.54
-8.52 83.10
-15.60 54.84
-17.79 107.15
-22.27 53.03
-42.10 88.23
-7.78 48.77
-24.23 74.24
-26.55 74.72
-5.47 75.75
-26.57 84.47
-38.44 88.66
-25.09 76.05
-37.28 83.54
-7.25 70.32
-36.90 62.92
2.37 75.56
-48.19 86.22
-48.20 57.08
-47.80 81.14
-23.36 89.12
-32.48 105.47
-23.53 74.40
-21.14 79.09
-29.01 56.93
-24.81 71.96
-51.48 51.70
-20.00 75.89
-50.15 67.27
-26.77 90.31
-11.64 64.12
-33.66 106.62
-51.58 57.48
-31.97 50.74
-30.37 81.24
-30.76 72.41
-4.99 79.51
-43.26 49.92
7.33 82.49
-52.34 79.74
-7.80 55.48
-26.00 66.45
-40.42 84.45
-19.19 101.61
-7.39 104.97
-42.28 78.37
-26.85 76.98
-0.14 65.77
-60.01 78.67
-15.09 96.37
-12.24 48.46
-50.67 86.31
-45.00 52.27
-24.69 72.56
-11.55 56.20
-34.19 79.97
-50.65 71.13
-23.65 81.35
3.71 59.08
-13.22 67.85
-23.45 73.76
-16.26 85.73
-20.19 83.04
-25.17 78.20
-29.36 53.29
-39.80 77.01
-15.66 92.41
-51.90 95.30
3.06 77.67
-32.36 76.64
-55.42 82.84
-54.27 61.03
6.24 91.03
-0.34 64.53
-11.13 107.87
1.73 88.37
-25.26 78.03
-28.76 82.06
-27.51 89.02
-6.09 77.43
8.16 64.47
-42.77 70.99
-29.14 77.61
3.68 59.25
-15.21 87.03
-29.26 89.27
-31.95 95.89
-52.15 59.82
-33.98 65.46
-37.38 89.94
-44.82 97.83
-13.75 65.92
-40.06 60.25
-18.07 74.29
-23.06 43.55
2.76 54.82
-50.85 78.00
-18.38 61.65
-49.32 97.55
-39.38 98.33
-13.88 89.76
-8.15 89.80
-41.21 76.02
-16.66 52.56
-24.47 80.39
-19.75 74.14
-42.39 63.77
-10.96 102.22
-18.10 78.83
-22.14 79.34
-5.04 96.80
-26.61 75.40
-47.07 79.61
-38.46 74.17
-1.88 94.70
-45.92 98.38
-34.37 76.52
-32.20 60.07
-8.49 106.17
-12.49 87.50
-32.64 63.99
-22.92 74.96
-17.23 71.52
-30.18 75.97
-30.19 110.69
-16.50 55.50
-33.98 64.20
-12.93 76.51
-26.41 71.44
-6.98 72.44
-47.60 95.26
-14.77 81.09
-13.50 47.12
-9.74 53.63
-26.66 110.68
-48.32 101.55
5.99 84.41
-20.60 86.09
-58.71 85.59
-2.46 69.84
-31.64 100.77
-5.66 94.99
-3.22 100.50
-21.12 77.33
-41.46 49.73
-26.04 74.69
-26.71 76.87
-2.43 62.03
-32.07 75.11
-11.72 99.14
-28.87 48.45
-32.93 58.24
-8.79 53.74
-26.77 44.80
-36.30 73.34
-0.95 80.69
-54.71 78.81
-25.28 70.14
-30.81 97.00
-54.11 81.38
-6.36 47.71
-20.32 75.57
-19.37 71.16
-51.62 95.20
-32.08 62.42
-17.22 93.90
-13.41 83.65
-12.75 103.83
-29.04 42.07
-26.45 108.67
-32.08 68.68
-16.92 81.07
-29.34 77.12
-29.44 45.67
-39.05 53.40
-28.58 69.26
-35.82 90.65
-29.51 51.81
-32.96 70.95
-27.92 72.01
-29.41 66.91
-39.08 48.88
-32.68 48.87
-30.68 45.49
-22.27 60.22
-34.28 41.89
-26.86 90.37
-53.65 70.76
-40.82 55.66
-33.97 79.33
-36.18 78.73
-23.87 71.95
-18.17 48.08
-7.02 81.18
-32.56 63.95
-40.42 55.35
-37.49 72.11
-17.39 83.87
-21.85 83.94
-35.46 47.04
-9.71 45.05
-36.18 85.56
-24.69 78.74
-16.57 44.55
-10.09 101.80
-21.27 82.60
-37.82 94.07
-56.27 92.41
-30.34 74.95
-42.12 73.87
-22.42 81.55
-31.37 74.32
-51.14 76.97
-2.34 71.57
-49.59 74.16
-40.68 57.16
-14.94 81.18
-26.26 75.99
-16.49 71.33
-20.33 81.53
-28.77 76.69
-27.93 65.37
-30.17 103.57
-21.25 73.56
-48.51 58.72
-9.74 74.32
-46.59 57.80
-44.19 76.75
-24.08 79.04
-22.64 59.40
-8.89 93.94
-10.88 78.45
-32.51 78.36
-41.81 76.62
-31.44 63.83
-47.29 80.62
-21.62 73.48
-20.00 72.58
-28.27 82.10
4.67 74.74
-34.42 107.04
-39.04 43.32
-57.87 74.73
-19.24 76.04
-41.15 56.66
-46.35 94.59
-18.30 102.25
-10.97 73.95
-9.95 58.61
-8.85 77.59
-9.61 86.74
-33.73 60.49
-25.89 75.15
-20.68 96.17
-57.84 88.53
-19.91 70.86
-15.92 99.96
-38.76 59.92
-25.07 50.89
-42.72 91.19
-38.53 81.09
-11.97 99.31
-15.45 96.28
-26.97 80.76
-26.75 74.54
-34.93 69.69
-18.67 51.02
-26.52 66.36
-15.80 62.72
-55.99 90.33
-19.69 84.27
-14.43 77.48
-16.00 67.95
-2.56 81.37
-34.52 96.87
-11.00 79.33
-15.21 100.32
-31.38 80.18
-33.53 85.92
-46.23 88.84
9.22 75.21
-38.13 42.27
-27.63 103.81
-25.18 90.87
-28.44 78.57
-45.66 88.89
-6.77 74.59
-14.83 64.55
0.15 93.84
-57.55 69.84
-32.86 88.39
-14.90 92.87
-22.75 57.34
-10.83 62.38
-25.38 80.26
-17.31 82.04
-27.86 83.94
2.28 81.43
-22.38 95.17
-30.42 66.98
-5.19 69.42
-23.66 77.58
-59.18 73.69
-9.01 44.15
-7.37 63.91
-12.97 77.13
-17.93 71.68
-25.14 69.24
-27.70 50.84
-14.86 55.33
6.67 62.19
-19.48 108.33
-26.63 67.52
-23.65 66.83
-58.92 68.93
-40.92 70.56
-42.56 72.48
-47.29 86.16
-26.21 74.43
-31.12 68.43
-41.52 62.30
-14.88 54.50
-14.88 59.86
-23.31 96.41
-22.90 96.21
-27.56 74.86
-19.64 75.35
-47.74 92.55
-0.45 81.19
-28.51 69.92
-39.06 60.61
-17.92 78.17
-20.82 72.30
-20.47 91.96
-27.61 55.19
-9.30 101.13
-37.85 74.72
-0.00 51.61
-37.11 70.28
-21.86 74.13
-12.25 100.84
-8.21 71.80
-26.67 81.41
-15.86 67.16
-36.40 72.72
-10.94 62.03
-24.16 69.54
-43.18 103.83
-46.34 88.77
-27.40 94.85
-29.51 78.98
-40.69 76.62
-52.54 93.09
-26.16 88.83
-60.24 79.52
-24.41 68.79
-33.66 53.74
-14.41 51.65
2.05 96.71
-31.56 100.08
-27.81 98.58
-22.95 70.23
-24.08 76.74
-25.92 69.94
-31.08 58.29
-25.68 75.49
-28.46 77.01
-20.41 75.32
-55.36 72.89
-22.00 67.61
-58.79 88.37
-37.82 58.38
-28.05 79.81
-12.57 86.30
-18.56 89.66
-13.37 82.87
-39.97 69.27
-57.89 77.00
-3.87 85.39
-21.91 83.14
-23.71 102.99
-6.97 52.49
-1.94 72.32
-55.76 74.17
-10.99 85.44
-37.12 76.42
-8.95 66.22
-27.96 71.21
-32.45 69.79
-35.43 49.61
-13.31 100.96
-22.12 103.17
-36.28 51.34
-47.49 89.28
0.26 68.54
-46.43 73.09
-31.75 78.96
-16.64 65.59
-23.30 89.72
-15.22 67.28
-29.24 64.89
-17.27 64.88
-47.31 72.56
-12.82 61.89
-27.25 80.16
-7.82 66.39
-34.73 90.33
-24.87 81.09
-24.99 75.09
-22.15 53.05
-21.82 105.18
-15.30 77.66
-36.71 55.25
4.78 85.70
-29.49 107.34
-17.95 108.40
-41.03 106.51
-27.68 74.44
-50.64 58.81
-9.57 73.77
6.45 78.32
-49.89 96.88
-13.86 80.16
-41.07 91.20
-26.88 109.00
-24.91 70.39
-41.78 81.83
-7.05 97.38
-26.89 71.86
-18.86 75.97
-2.16 100.96
-18.36 72.46
-29.54 91.39
-31.43 93.13
5.32 69.47
-23.42 65.80
-12.21 108.02
-28.62 80.90
-23.64 67.09
-15.06 98.64
-24.65 74.49
-59.01 69.79
-25.43 64.98
-45.74 88.16
-15.86 62.92
-38.47 83.22
-47.93 48.55
-37.16 80.24
-3.49 50.92
-15.40 51.24
3.85 80.19
-16.94 56.18
-24.76 68.13
-30.75 77.04
-13.14 60.37
-44.54 62.94
-47.00 61.76
-21.26 76.06
-22.76 63.72
-21.53 60.98
-12.63 56.82
-30.81 70.38
-41.79 69.52
-27.59 76.84
-20.27 61.50
-25.99 83.79
-12.02 49.27
-23.01 76.37
-22.24 96.53
-14.62 89.80
-23.70 77.97
-17.52 50.55
10.10 75.65
0.16 89.13
-24.29 98.72
-32.95 105.78
-22.84 77.11
-54.80 61.21
-3.10 72.72
7.29 88.44
-19.79 103.10
-33.93 68.02
-26.75 76.60
-41.15 57.95
-14.11 94.42
-34.15 49.17
-36.35 74.33
-8.24 79.79
-30.89 88.13
-21.57 76.36
-5.87 73.62
-32.64 66.87
-25.29 77.83
-28.08 68.40
-23.44 82.80
1.39 74.87
-12.13 82.33
-46.86 80.66
-28.10 92.06
-22.52 77.38
-14.30 64.89
-27.11 47.80
-28.38 89.57
-20.67 48.32
-8.98 62.38
-8.81 99.01
-3.04 97.31
0.58 64.87
-13.05 76.31
-46.60 67.25
-31.44 80.44
-38.88 60.95
-17.50 90.12
-22.47 74.18
-20.19 90.52
-25.28 75.37
-24.87 73.13
-47.39 79.60
-27.74 77.23
-29.83 67.82
-15.77 79.23
-11.27 101.24
-30.33 71.47
-29.32 74.96
-26.76 53.45
-23.94 72.91
-28.46 71.91
-39.29 66.10
-52.26 64.17
-26.48 94.41
-51.90 69.26
-23.13 71.38
-24.87 63.85
-34.61 81.66
-30.94 73.76
-28.21 76.47
-8.05 62.78
-20.45 54.10
-28.13 57.49
-18.24 84.22
-39.47 84.99
-53.42 54.95
-27.28 76.31
-20.87 70.36
-25.61 75.45
-25.16 71.27
-26.24 85.01
-43.26 63.74
-24.97 75.23
-25.56 75.68
-11.24 83.34
-4.90 84.68
-26.35 110.51
-55.95 77.25
-8.50 106.21
-46.94 82.51
-42.03 63.42
-26.89 74.33
-25.58 77.19
-8.86 80.95
-51.72 52.66
-23.55 104.62
-52.16 92.08
-1.89 57.70
-19.92 65.98
-25.23 72.92
-33.76 44.15
-2.60 56.67
-38.60 43.87
-12.78 70.99
4.93 77.71
-38.38 81.52
-46.23 82.76
-26.72 73.95
-49.30 68.09
-37.10 53.33
-31.38 74.98
5.97 83.74
-26.35 42.48
-24.35 109.04
-4.95 77.45
-26.07 75.67
-10.49 54.72
-30.89 63.06
-23.79 56.56
-43.31 89.50
1.73 80.10
-48.04 94.72
-13.01 64.40
-24.84 77.01
-25.80 60.21
-50.33 58.44
-25.08 66.18
-18.05 97.08
-41.69 67.64
-12.05 83.65
-45.67 81.57
-33.24 94.79
-15.06 73.03
-6.27 45.78
-43.56 57.02
-33.99 75.58
-4.01 84.50
-3.36 98.30
5.20 61.83
-33.25 82.99
-10.45 94.64
7.27 64.19
-50.10 54.86
-61.25 75.65
-31.30 72.35
-23.10 58.32
-24.36 76.22
-27.19 78.14
-24.64 76.17
-25.33 69.14
-47.59 88.03
-31.50 82.66
-15.22 89.31
-41.15 83.44
-24.94 72.89
-23.76 47.01
-19.38 43.11
-13.43 53.57
-17.40 64.31
-33.02 71.73
-27.82 60.39
-37.83 77.97
-51.47 87.26
-12.34 49.90
-7.28 75.01
-21.85 96.06
-17.78 63.16
-9.28 62.74
6.14 90.82
-15.11 80.18
-3.86 97.16
-19.05 46.95
-57.19 69.28
-31.84 96.70
-17.48 64.73
-13.45 46.96
-22.09 95.98
-32.69 82.86
-6.26 88.86
-22.11 81.87
-24.95 72.51
-39.50 75.41
-3.78 71.95
-36.73 66.98
-25.91 74.11
-6.14 61.73
-55.52 76.53
-26.47 51.18
-25.89 76.56
-26.78 76.44
-20.88 72.81
-26.46 67.80
-30.44 75.48
-24.58 72.00
-32.91 95.80
-38.02 43.70
-27.42 78.13
-27.45 69.00
-35.37 69.45
-33.15 83.79
-14.75 74.40
-19.68 83.29
-9.17 71.11
-57.30 74.85
-17.21 71.70
-53.38 92.55
-5.50 98.05
-20.44 74.99
-25.75 98.45
-23.88 103.13
-27.66 55.90
-46.21 49.63
-23.43 77.79
-36.11 82.33
-39.09 54.04
2.01 79.13
-3.76 82.71
-21.27 79.69
-25.35 75.73
-27.82 97.79
-59.81 67.80
-14.19 54.27
-14.82 54.33
-35.98 102.51
-27.94 74.36
-38.77 61.18
-36.64 77.04
-33.44 81.55
-40.81 60.38
-37.73 101.78
-34.29 70.34
-14.66 70.44
-48.28 75.00
-26.66 74.28
-34.89 58.00
-56.78 66.75