2000
46.94 57.29
34.80 62.07
52.24 63.64
47.29 65.78
48.87 66.51
63.85 63.70
45.57 70.98
57.36 70.41
51.63 66.25
46.94 49.42
52.58 66.79
52.50 71.62
52.72 69.26
67.26 57.77
35.11 62.75
49.45 60.39
48.95 69.87
43.90 87.64
54.15 69.13
50.19 86.81
41.96 78.44
56.89 65.17
33.46 66.50
52.04 65.71
53.20 62.09
52.76 78.54
45.87 48.43
61.40 61.22
56.89 87.50
36.42 54.04
65.12 78.72
58.27 63.45
52.71 78.28
47.83 62.84
59.54 70.62
73.00 66.84
59.80 73.38
58.69 88.47
66.43 66.53
61.26 45.07
32.87 68.69
50.77 66.02
47.40 66.31
62.72 72.51
41.56 80.84
35.52 69.14
62.92 66.13
60.93 63.78
48.15 62.66
40.23 59.32
35.36 70.89
60.60 77.82
38.66 62.99
55.16 74.25
45.32 78.00
39.40 87.17
70.33 72.88
74.18 66.84
38.81 70.71
51.27 68.54
53.60 47.63
49.59 85.07
60.18 82.77
56.99 66.25
56.92 48.13
38.08 65.40
54.80 72.01
58.86 52.68
68.80 67.01
51.78 66.92
59.80 67.02
59.94 78.28
50.46 66.53
49.17 64.20
54.63 90.01
56.20 45.25
42.84 44.67
51.80 65.52
49.19 87.21
43.24 51.34
51.21 68.14
49.99 70.80
58.14 57.21
53.00 69.88
63.93 82.94
56.23 76.41
55.35 67.55
53.82 74.46
38.40 67.91
32.55 61.65
51.71 49.60
49.97 59.22
44.38 74.17
48.35 77.31
56.47 81.45
45.69 44.37
58.71 76.88
52.36 66.72
63.98 87.28
54.22 63.11
46.59 61.39
51.19 66.88
41.77 79.03
54.39 82.66
31.58 66.02
34.84 59.82
56.96 69.99
49.49 60.60
50.99 55.69
70.23 81.72
73.64 61.52
33.13 72.51
53.29 64.39
59.75 73.79
51.70 66.66
42.38 87.68
57.86 66.16
68.04 57.47
43.88 68.98
53.06 69.89
70.98 54.06
55.48 84.31
75.33 70.38
30.70 72.21
66.77 56.33
47.77 53.76
36.30 80.51
55.46 66.36
47.42 63.61
52.08 69.08
56.86 68.66
38.79 68.25
51.31 67.63
44.62 73.06
33.61 61.99
51.55 53.03
47.01 76.34
30.14 74.73
57.65 60.84
68.36 80.62
33.47 70.05
39.74 51.47
71.85 62.65
64.89 74.03
49.65 53.35
53.80 59.60
63.47 52.13
54.74 60.85
49.75 62.78
56.70 65.87
52.83 61.70
42.88 52.03
50.75 64.43
49.33 67.48
65.10 67.64
44.87 78.36
43.47 74.75
39.46 86.67
45.27 61.64
60.35 61.55
50.75 58.90
64.61 77.77
65.73 65.23
55.01 44.57
61.35 79.23
64.24 54.01
30.14 71.75
64.32 69.50
49.60 63.98
48.52 55.53
66.57 71.89
52.42 67.48
62.02 68.02
53.73 55.56
63.53 57.47
67.69 62.29
39.86 75.68
52.20 68.36
60.87 67.12
74.62 72.29
51.26 63.14
70.84 77.33
47.46 68.23
50.34 69.09
50.04 65.43
51.76 65.72
65.38 74.62
69.75 77.83
50.24 68.68
49.04 46.23
46.15 64.69
63.26 55.04
52.49 43.95
50.79 68.46
68.50 73.98
59.40 62.16
47.92 85.30
75.44 64.24
65.29 77.83
55.13 59.83
40.55 79.58
42.53 76.68
41.60 70.08
41.40 63.29
43.27 84.07
58.05 69.11
72.31 62.23
62.76 47.38
68.96 68.19
47.84 67.21
49.96 66.31
58.28 59.88
36.69 79.30
32.39 60.36
57.20 77.39
53.90 75.40
63.77 61.98
65.64 65.65
60.83 68.98
56.05 78.91
55.40 58.90
52.18 72.80
59.31 83.93
50.07 66.70
52.15 71.46
47.94 90.03
38.14 79.31
48.89 64.77
70.23 66.78
51.34 70.22
47.62 66.26
49.25 55.50
61.90 70.97
61.47 53.02
51.92 69.17
50.76 67.00
51.36 68.11
61.11 52.78
53.51 55.35
48.22 59.22
51.64 66.99
57.01 44.49
65.49 77.02
42.67 67.49
49.37 66.31
48.62 84.59
51.86 67.87
28.05 65.95
49.33 59.95
44.85 71.57
33.91 80.23
72.49 66.13
36.66 59.86
60.69 84.73
54.94 74.30
39.39 83.07
56.54 55.22
52.05 70.09
30.12 63.68
69.01 68.62
50.57 66.89
57.55 70.83
47.72 83.50
66.07 68.79
74.42 60.39
60.66 61.76
49.59 74.92
72.64 73.29
52.11 46.18
53.40 71.89
71.36 77.79
38.90 69.97
44.54 46.63
57.79 51.16
47.18 69.18
49.51 86.37
67.47 81.65
45.58 60.56
61.39 64.90
39.76 76.51
71.63 76.59
50.41 74.04
53.22 75.36
53.02 74.50
29.73 59.08
60.59 61.60
66.87 64.97
42.92 65.12
66.20 74.10
58.12 61.75
57.96 76.93
48.62 68.99
45.09 65.54
51.56 66.15
46.31 56.16
49.99 67.67
37.70 77.76
64.60 77.68
66.27 69.72
45.09 62.25
52.97 52.79
54.04 78.74
65.28 55.12
36.02 75.28
71.45 78.69
44.49 68.64
45.86 67.62
31.65 62.34
51.88 66.67
46.35 66.63
46.70 79.21
43.64 87.40
40.38 54.29
47.25 75.78
52.71 50.89
51.84 88.72
40.52 72.19
50.55 77.93
53.22 74.15
49.01 82.99
59.11 66.90
35.26 60.64
42.40 60.12
49.62 66.95
46.97 77.34
74.35 73.86
64.85 59.25
47.39 74.11
54.29 53.86
55.40 82.11
40.38 60.68
62.01 71.00
51.92 66.69
48.36 73.87
55.40 67.18
37.96 70.44
51.51 67.21
51.43 66.74
69.36 80.49
31.16 78.30
61.81 65.31
62.35 70.41
61.58 47.73
43.07 69.98
65.63 71.07
61.32 79.24
62.73 76.97
48.41 63.06
50.57 66.44
58.19 88.64
39.13 62.49
37.89 59.08
42.52 47.67
52.61 64.95
68.71 74.82
53.30 72.23
51.46 65.65
57.60 64.54
44.24 56.54
57.80 73.75
67.86 71.14
48.79 72.83
47.91 66.94
56.86 89.03
52.41 66.34
43.30 61.41
61.36 72.19
49.46 70.08
51.51 84.94
47.97 65.67
45.43 71.16
39.38 79.75
54.37 66.93
46.96 61.00
46.85 51.75
40.24 81.29
68.32 73.19
65.16 57.51
43.05 56.87
49.33 65.35
39.13 63.74
55.90 66.85
43.71 79.17
45.68 72.51
37.65 65.28
70.97 55.78
41.75 47.16
58.58 67.96
38.64 56.93
42.75 79.91
45.03 69.27
67.97 71.27
42.91 74.85
73.17 74.23
52.16 66.91
37.65 61.09
56.94 53.29
54.16 80.05
54.88 64.93
51.25 52.37
41.58 65.12
42.34 79.45
56.33 65.27
58.63 60.77
64.42 70.59
55.14 62.35
62.52 62.03
73.22 65.71
56.01 60.47
51.23 67.70
42.77 46.94
30.46 65.12
40.45 69.77
40.61 53.20
47.20 74.43
54.94 58.11
71.53 72.60
55.28 68.15
28.61 61.21
30.17 60.02
57.91 79.32
60.36 71.08
50.97 69.30
50.35 67.45
54.39 68.98
69.01 72.68
41.13 51.00
48.84 79.94
50.96 69.35
29.72 68.45
46.24 80.88
44.76 66.96
43.68 69.33
43.89 77.45
28.14 66.44
32.48 57.26
46.66 82.19
55.80 51.80
48.56 52.76
51.56 61.49
71.42 64.44
38.00 53.61
42.02 78.44
51.86 45.07
59.49 52.98
50.22 72.23
48.48 66.08
32.91 67.23
38.55 86.19
71.72 63.10
51.32 46.49
38.96 64.54
52.19 67.81
47.20 60.65
30.77 61.52
50.70 57.47
56.62 78.21
56.44 73.78
51.06 79.82
57.60 87.67
53.09 68.46
53.24 78.65
47.72 82.44
42.51 52.04
38.19 59.95
36.76 68.39
55.24 73.59
51.63 66.92
47.62 74.47
51.73 67.10
34.58 78.36
51.73 66.80
43.06 77.90
60.14 76.74
37.75 71.12
49.44 58.81
59.97 55.02
48.22 88.83
50.05 63.96
54.96 44.59
46.65 64.43
46.04 64.66
50.10 84.45
68.82 80.79
64.93 61.36
42.93 68.95
45.64 72.22
70.45 58.75
37.90 77.73
50.69 68.17
34.02 76.41
50.47 67.24
58.18 66.50
37.57 76.42
42.94 53.81
55.07 64.06
46.93 68.93
62.20 64.44
40.41 78.97
51.32 68.48
44.71 68.75
41.29 52.11
35.66 54.74
39.50 59.96
39.19 46.54
63.86 47.93
53.74 66.67
47.80 72.25
75.39 67.15
40.49 52.67
66.10 60.25
61.05 57.98
60.44 65.61
70.43 74.53
59.08 62.72
47.06 59.70
58.80 72.38
53.33 73.93
65.10 56.23
46.45 48.45
50.24 53.57
43.27 56.85
60.11 51.54
46.19 43.82
50.69 46.87
43.32 67.30
64.02 56.28
60.36 68.86
56.47 86.94
52.31 69.12
48.72 67.62
30.98 65.55
57.67 78.88
49.28 83.92
50.08 66.51
35.41 50.04
45.78 65.85
58.03 65.90
51.78 75.20
58.27 81.94
74.57 73.31
43.54 52.85
73.21 72.90
56.84 50.70
53.86 60.93
51.53 66.96
56.45 62.62
61.46 47.50
50.73 65.68
53.32 68.49
54.94 68.36
36.93 77.28
65.94 68.97
60.47 64.06
57.72 69.57
51.45 70.03
52.85 64.21
73.09 73.24
38.14 51.42
66.86 80.24
58.44 58.64
47.99 55.21
36.85 76.45
56.19 55.03
51.19 66.18
61.03 87.29
46.94 50.82
47.91 80.19
68.77 62.92
57.69 66.85
51.15 67.31
55.56 71.96
53.25 71.26
56.21 68.38
71.02 72.07
51.19 70.83
42.59 47.22
37.71 48.23
49.67 66.80
59.57 74.31
49.57 68.45
54.58 60.00
53.60 65.25
52.96 64.48
39.36 82.99
67.04 54.09
66.23 76.93
52.67 66.38
52.35 73.85
67.87 84.24
55.17 72.53
55.76 75.57
37.30 80.88
69.94 58.75
47.49 87.18
53.14 66.66
41.28 79.12
55.03 47.84
56.85 63.48
63.10 75.71
46.06 69.35
75.62 66.98
64.13 69.61
62.29 46.90
57.74 64.04
30.14 59.13
50.25 68.51
68.29 60.60
35.55 59.65
35.92 53.01
70.36 58.56
37.57 64.31
45.93 70.74
44.84 64.59
58.05 62.63
37.90 59.52
47.04 60.15
61.22 56.64
35.44 65.04
67.95 62.67
45.81 57.83
39.99 63.23
51.78 67.22
52.56 55.07
38.71 81.27
47.24 59.04
58.90 65.72
48.00 64.13
42.65 66.96
50.62 63.50
54.71 57.54
51.51 60.25
58.10 58.04
61.35 77.85
48.57 74.91
52.71 64.61
34.16 51.80
60.39 65.98
63.98 50.09
44.13 50.62
55.56 70.32
43.59 65.83
49.51 66.21
49.07 67.10
51.74 67.55
47.92 68.36
50.48 67.20
47.47 66.55
53.69 59.92
43.78 53.58
51.65 64.29
62.16 71.55
56.28 59.59
52.06 68.03
56.99 51.09
69.67 54.94
53.08 88.76
61.87 67.97
33.74 62.23
56.25 55.69
42.96 49.83
55.43 62.06
49.19 68.00
44.27 71.08
57.09 66.97
50.91 68.45
35.07 60.36
59.36 72.36
42.76 69.75
58.27 70.71
53.13 72.58
63.04 87.70
42.28 72.03
52.30 71.28
43.24 45.48
51.82 65.72
49.56 75.14
37.24 68.32
68.77 63.92
71.90 59.09
75.04 63.77
50.92 60.41
44.99 55.82
70.01 58.89
53.37 68.86
51.44 67.16
60.38 67.67
56.89 55.09
50.00 56.47
50.88 67.45
60.08 72.07
52.34 63.19
52.46 57.63
56.72 70.43
61.48 81.44
51.56 65.72
50.55 69.78
75.71 66.75
48.28 89.76
64.41 74.06
44.99 59.30
53.97 56.36
67.14 64.41
64.09 74.08
41.65 53.46
60.61 74.09
39.75 53.86
67.29 81.16
57.66 74.07
55.46 70.56
51.09 73.88
33.19 74.62
48.51 80.16
49.26 65.93
49.32 53.53
66.86 65.21
59.25 70.70
70.12 67.02
50.94 67.71
51.81 64.65
51.53 66.63
51.62 46.12
51.70 62.01
34.30 55.55
69.80 78.06
58.23 82.69
43.94 63.50
65.38 60.52
49.99 46.48
41.95 72.75
59.97 73.98
55.26 57.93
54.17 70.69
52.27 86.17
62.01 59.32
28.67 60.79
58.93 58.14
48.31 60.78
59.81 78.86
45.64 66.87
57.60 65.84
38.56 57.04
46.99 78.69
42.05 74.96
52.90 66.85
32.62 66.34
52.78 69.68
48.52 73.49
57.87 72.87
62.22 58.06
51.23 66.51
41.51 67.19
49.78 56.76
55.51 67.54
33.69 77.30
60.95 75.52
53.78 75.90
67.38 59.32
51.41 79.34
44.97 63.38
56.50 71.12
50.31 67.85
45.95 71.59
44.23 51.27
48.90 78.73
38.65 63.33
72.19 66.35
51.64 67.54
57.79 82.77
45.49 62.71
59.79 54.58
68.82 66.77
50.50 67.31
32.64 55.44
52.07 83.24
55.43 65.77
52.62 75.47
48.30 58.98
65.06 73.60
57.30 73.39
59.60 62.95
55.15 82.67
46.81 45.19
44.23 57.59
59.60 46.51
46.28 66.21
66.39 61.33
48.69 54.80
43.27 69.80
58.21 69.65
35.94 71.60
52.35 66.97
39.68 77.89
45.05 83.17
60.54 73.31
56.44 57.00
52.27 67.28
52.65 66.50
32.00 62.49
52.02 52.51
55.57 59.49
58.20 66.50
55.71 48.75
61.84 80.25
57.27 66.69
56.33 64.33
52.39 77.52
66.94 84.67
49.22 52.08
61.22 71.94
67.88 55.34
65.00 49.73
52.53 66.45
65.88 53.45
42.41 73.07
57.78 52.86
56.29 63.50
71.13 67.00
35.45 65.50
54.87 64.91
43.67 75.87
71.20 61.91
57.74 53.51
52.09 69.11
39.49 62.79
46.90 72.31
54.44 77.22
46.55 67.24
55.29 67.42
45.48 60.71
62.20 66.55
46.61 57.68
52.44 88.21
37.87 58.81
59.47 50.35
50.48 78.57
49.56 70.59
53.21 61.47
50.08 69.93
51.60 66.27
41.57 85.09
51.15 67.91
49.77 79.54
44.65 48.63
54.93 73.33
51.33 59.30
51.74 62.54
60.51 71.10
72.80 77.85
51.85 51.05
64.07 84.35
52.16 66.97
52.02 78.38
38.17 50.86
62.71 58.40
44.29 69.06
47.76 70.39
53.91 48.18
38.80 57.85
62.45 64.20
54.14 48.37
67.79 61.60
61.31 74.70
51.21 66.71
49.87 62.68
57.19 69.96
47.95 86.31
50.08 70.38
63.96 70.07
70.09 80.49
46.94 88.67
58.51 78.19
43.54 80.43
41.59 86.62
34.43 80.75
49.92 60.11
55.66 66.53
45.17 52.49
50.76 64.54
50.64 71.22
43.48 69.14
54.86 75.18
27.86 66.75
50.71 79.00
38.02 69.31
43.11 65.45
67.69 58.18
37.20 74.42
47.36 62.46
58.40 83.38
52.12 66.83
61.30 85.96
51.16 66.53
65.88 81.65
57.11 68.50
43.50 61.09
55.12 55.12
52.71 85.62
49.11 74.36
62.48 61.08
64.69 53.45
41.30 64.76
64.34 81.00
73.38 74.03
46.31 49.47
52.58 61.03
63.23 80.18
53.97 44.15
57.53 51.25
70.86 57.05
43.75 85.61
43.68 76.21
50.82 69.16
38.14 71.58
63.04 76.20
45.04 72.42
61.05 45.12
55.60 45.11
67.49 50.34
46.50 47.62
64.15 72.66
47.53 77.40
47.29 68.93
53.25 65.68
57.30 65.72
68.34 77.47
47.95 72.37
43.27 73.51
66.40 72.45
49.26 86.66
52.86 70.68
60.71 79.74
51.32 66.51
73.71 62.73
52.55 56.03
67.86 68.97
62.72 83.39
59.47 68.77
40.04 74.40
61.38 46.40
52.64 57.73
40.48 48.10
50.03 68.72
51.92 65.41
59.83 60.54
51.07 66.26
50.95 64.44
64.51 79.38
49.06 60.82
51.38 64.50
53.36 56.27
48.97 84.32
71.57 76.99
44.26 65.95
51.29 78.32
57.03 60.63
51.79 67.27
60.27 76.04
39.01 59.47
72.62 72.02
62.26 62.18
38.50 59.39
40.53 76.76
65.56 57.03
52.27 65.25
36.88 65.94
42.53 76.91
33.04 66.08
60.36 73.00
52.27 66.51
46.36 73.34
38.10 79.81
45.88 80.05
53.87 78.79
33.69 78.37
47.30 71.14
58.34 61.79
74.36 62.91
48.26 61.02
39.78 83.91
40.71 66.79
71.70 71.48
38.53 50.79
46.96 78.81
35.56 59.68
56.46 70.01
73.55 70.73
40.66 64.39
60.01 66.04
52.46 84.82
61.18 67.83
50.77 51.93
32.47 56.44
57.40 82.84
46.89 63.74
47.99 54.31
50.10 67.98
68.76 61.71
51.59 67.67
52.93 60.52
31.49 66.37
54.84 46.02
44.22 76.98
57.03 61.63
59.24 69.85
51.48 63.87
51.68 64.82
63.08 66.47
54.83 73.77
47.50 65.05
50.17 48.34
55.78 61.89
55.02 66.81
60.66 84.07
57.81 69.98
66.96 83.78
58.44 54.54
68.25 80.90
52.75 70.96
28.26 64.02
56.86 71.00
48.02 71.44
48.47 46.62
55.73 74.23
30.95 60.53
44.44 50.83
58.53 66.57
40.54 73.14
37.22 85.70
48.71 80.59
41.86 63.80
61.77 67.62
47.64 74.71
48.94 65.70
61.39 75.41
52.51 65.13
49.28 71.59
55.44 68.78
50.60 66.54
57.64 65.20
53.56 66.59
42.25 78.73
61.69 88.05
70.18 64.50
43.19 76.23
58.00 65.46
43.02 46.74
46.16 89.54
51.98 66.91
32.61 60.37
56.48 64.13
43.36 69.33
46.14 65.17
48.21 79.00
52.17 65.08
55.46 71.59
66.32 55.34
52.12 54.71
51.47 68.51
38.22 55.56
67.23 66.80
38.90 61.77
36.50 60.85
44.97 47.66
46.08 51.85
56.37 63.04
40.82 57.08
56.87 60.27
54.51 64.12
52.23 70.34
38.63 75.66
43.47 70.23
57.02 61.86
48.57 70.00
55.18 65.05
59.68 44.58
31.23 58.44
45.14 61.14
52.49 69.53
53.45 59.60
31.41 59.62
35.62 65.41
55.78 67.32
47.68 74.57
30.43 64.01
39.52 61.52
72.05 57.83
51.79 66.77
58.69 84.97
65.91 64.35
49.32 65.34
69.63 72.00
53.97 69.42
50.42 82.41
59.98 64.87
51.76 67.95
50.10 54.48
44.64 49.86
63.59 80.28
51.60 66.49
37.60 60.02
47.30 64.23
54.34 78.54
43.68 84.26
43.68 72.21
44.89 65.57
73.19 76.81
60.99 76.89
52.42 71.75
43.01 63.14
47.40 68.28
47.13 47.80
48.15 64.68
60.29 62.46
37.20 75.84
42.08 76.54
57.82 44.05
29.00 68.72
51.80 66.57
35.16 76.48
55.08 69.06
64.26 85.54
47.80 66.36
46.79 71.55
44.78 50.36
72.65 58.34
51.90 63.58
46.29 81.32
59.50 69.19
57.01 68.69
55.80 56.50
42.16 70.43
40.89 76.13
34.52 52.78
51.41 63.20
51.55 67.27
71.23 62.64
63.13 66.62
52.77 55.25
53.05 75.66
47.41 76.57
48.31 64.79
52.50 65.16
33.75 78.03
66.68 81.14
46.65 76.69
69.69 53.48
33.80 63.01
49.51 60.31
48.69 68.09
57.01 75.59
50.64 84.71
52.25 69.87
47.13 62.69
36.08 49.02
33.08 74.21
74.51 67.91
52.29 66.83
68.49 56.23
48.03 57.05
52.43 66.30
52.18 66.66
55.95 48.04
61.97 72.90
44.35 57.97
62.32 60.08
48.97 85.76
55.52 65.13
41.01 71.94
38.67 67.57
50.61 67.71
73.93 68.77
60.88 63.86
51.93 67.66
31.46 70.19
69.03 53.25
59.98 63.05
60.88 85.18
41.16 80.24
53.79 72.72
56.92 43.52
52.55 64.27
51.53 68.12
35.41 60.51
48.42 83.33
51.93 65.61
67.72 64.49
68.69 74.92
61.65 46.85
53.55 59.89
53.49 73.64
44.12 52.28
48.47 65.82
64.88 51.21
68.10 80.78
52.91 65.87
62.34 85.45
67.69 62.20
42.29 71.66
58.74 76.88
36.15 60.37
35.80 82.04
48.53 54.27
41.23 68.91
51.47 54.01
54.73 61.33
73.20 58.62
61.44 73.88
44.88 76.09
34.50 81.97
62.78 68.31
47.47 71.84
56.26 65.90
46.85 60.97
56.39 58.52
67.10 77.89
49.81 57.56
62.21 62.01
60.97 62.34
61.03 64.28
42.94 53.24
39.08 52.84
48.26 80.67
66.85 75.74
46.69 52.29
60.68 73.65
51.74 49.56
61.18 60.72
55.50 49.93
61.64 75.35
44.01 79.27
56.90 67.03
51.32 65.52
29.44 69.49
43.75 79.27
48.75 76.81
55.27 90.38
33.70 53.84
45.32 56.23
60.83 80.39
56.60 73.84
57.33 69.66
48.90 45.30
35.04 50.13
39.76 64.23
63.93 79.58
71.72 60.67
54.74 65.27
65.36 74.12
50.71 76.42
57.47 58.47
40.02 73.36
50.05 66.83
51.43 66.53
50.67 63.21
34.02 65.22
72.25 67.66
52.76 52.65
36.19 58.59
51.83 75.97
53.65 68.59
60.78 65.67
49.95 66.56
48.08 45.37
46.22 79.87
75.36 69.10
48.19 65.47
52.96 77.08
50.70 67.09
57.55 85.51
48.43 65.28
68.89 67.78
47.00 79.59
45.13 83.94
63.56 84.30
65.12 66.17
57.96 64.15
37.29 85.00
59.74 59.38
53.59 67.33
56.01 68.73
50.83 67.98
36.85 66.80
45.13 54.40
32.81 79.30
68.37 79.48
32.14 54.26
49.17 65.98
67.81 52.48
55.66 46.68
50.96 67.25
43.90 83.49
51.65 58.40
57.02 51.43
52.39 51.72
60.88 48.52
68.90 56.87
47.73 68.06
52.70 56.84
49.83 68.90
55.89 66.63
58.73 75.64
39.73 59.61
35.37 68.56
40.99 63.65
45.51 66.37
74.08 71.93
44.93 85.38
33.05 65.98
49.57 68.11
57.88 65.19
56.57 69.75
33.77 77.50
48.34 79.18
49.50 63.12
42.45 79.49
62.41 78.30
52.39 78.58
58.57 82.50
58.55 82.70
69.18 65.34
45.35 51.40
51.23 66.66
60.16 44.52
52.40 67.20
50.32 71.80
50.37 67.15
60.28 63.28
70.21 57.05
57.05 68.44
62.62 57.95
52.40 76.30
52.22 66.41
51.04 55.25
52.31 68.60
59.97 46.17
48.45 63.56
54.27 78.38
48.28 66.97
52.03 67.26
52.34 80.88
45.28 57.47
62.23 53.67
39.00 60.71
59.97 49.98
42.07 77.95
68.72 68.88
50.58 52.37
70.64 77.88
63.18 66.43
46.10 70.75
32.61 68.73
51.60 67.29
59.77 81.47
48.69 48.04
45.54 72.32
62.06 46.01
51.35 65.99
40.48 55.04
46.27 68.14
58.52 58.35
61.95 83.64
32.93 75.97
57.47 45.97
43.01 75.31
57.96 48.94
36.29 56.38
54.04 60.27
73.16 64.98
43.12 45.11
44.16 81.95
51.02 65.17
54.49 69.00
55.66 59.44
36.52 57.88
54.40 73.13
59.81 73.60
48.26 74.39
51.60 79.67
54.30 67.61
63.92 57.85
34.60 77.87
59.16 75.96
47.88 69.99
52.99 69.60
52.80 65.15
58.79 76.74
44.97 56.38
55.93 62.02
63.39 66.81
53.35 56.14
55.26 63.86
31.28 61.41
47.33 68.99
43.76 83.93
41.68 72.13
49.14 71.27
47.09 47.44
62.78 69.77
49.86 65.24
54.08 71.72
51.06 56.11
59.57 64.98
43.99 61.33
66.38 53.33
49.35 80.84
55.33 51.49
47.92 65.74
46.25 72.28
68.67 82.55
36.16 72.40
62.88 60.05
38.82 80.14
51.27 81.71
50.38 56.92
39.05 50.55
44.14 87.10
52.21 75.90
52.99 60.36
67.98 78.62
37.19 72.87
48.13 75.02
46.65 65.27
32.29 60.41
61.58 47.05
39.72 56.20
53.32 72.98
63.86 70.43
59.75 78.22
59.02 66.71
62.65 84.80
55.56 51.84
62.90 68.59
51.75 65.98
65.10 52.81
32.04 70.89
53.11 74.00
33.41 63.08
40.13 52.61
51.02 64.96
51.86 55.66
50.97 59.62
62.59 46.41
33.94 61.37
72.24 78.26
60.22 56.79
53.99 72.19
48.51 51.51
49.70 62.06
62.67 68.16
47.50 79.31
59.39 57.91
50.14 79.17
49.47 75.90
30.24 70.05
35.30 83.25
50.94 72.11
52.73 69.13
53.63 65.14
67.02 75.58
47.18 89.43
57.02 88.76
42.55 60.31
42.98 46.34
46.66 71.08
60.39 52.23
57.56 82.23
55.52 83.03
61.05 72.86
43.25 75.25
38.31 68.59
56.84 49.53
63.02 52.66
66.32 48.20
48.59 49.26
46.27 44.96
51.84 66.70
30.00 70.40
58.71 57.54
52.07 62.96
55.57 62.41
64.76 60.77
51.39 68.07
48.34 66.28
46.26 59.28
72.45 61.00
49.95 64.32
64.93 54.46
50.82 54.73
52.10 84.36
46.84 56.96
29.53 72.22
61.63 57.64
73.37 72.64
66.37 76.52
70.79 63.68
33.07 80.00
73.35 68.90
67.62 72.02
62.81 73.36
36.45 73.48
52.26 65.85
52.32 64.89
37.23 58.12
39.84 71.17
71.66 65.59
52.49 63.99
47.16 56.96
39.57 77.18
37.49 76.46
40.43 64.82
43.34 70.10
46.88 88.42
44.14 58.98
59.83 66.39
68.38 70.61
52.10 56.54
31.15 65.69
39.91 61.08
53.73 67.85
52.09 66.59
52.94 68.05
34.87 64.07
37.01 79.42
30.50 61.89
36.88 78.45
52.49 68.07
71.70 65.66
49.10 77.35
55.79 52.53
48.54 72.67
46.77 47.53
51.08 64.85
48.33 62.85
49.42 72.62
48.68 83.61
53.17 61.26
61.22 63.85
52.90 74.19
52.96 74.79
64.10 80.18
58.49 53.49
44.81 68.79
53.10 47.28
35.51 73.98
64.86 68.95
38.13 78.87
61.95 52.38
53.57 66.21
45.45 76.40
53.77 72.76
36.92 66.63
74.89 71.77
48.25 77.01
53.46 60.75
64.33 68.52
64.72 84.72
54.45 86.83
44.22 54.39
37.90 85.93
49.57 66.12
57.49 59.79
68.70 81.15
68.69 67.46
52.36 68.21
47.74 74.06
60.93 65.03
37.50 80.60
51.76 66.86
50.27 82.95
52.25 68.58
58.65 66.93
57.54 73.18
57.24 65.57
55.00 85.53
57.68 62.03
45.26 49.60
45.78 49.80
33.17 71.65
63.31 54.52
66.50 71.69
56.45 67.88
52.30 66.86
61.58 68.40
58.06 71.04
46.23 70.97
45.35 63.29
46.96 58.46
40.44 54.03
36.68 65.91
71.21 60.19
44.96 59.99
60.54 79.31
44.58 69.36
66.28 68.82
51.26 74.27
50.02 66.58
57.66 70.81
48.84 53.98
53.73 64.55
35.16 76.68
56.49 70.89
39.42 46.47
46.58 48.81
45.71 70.43
54.69 70.96
45.31 61.02
70.40 66.94
66.76 77.40
43.98 74.04
51.99 63.86
56.97 81.19
57.95 64.32
54.95 60.54
38.35 74.78
35.69 70.49
70.73 60.93
57.77 54.27
42.44 78.12
62.51 60.16
50.64 48.30
52.84 67.93
56.54 59.71
54.10 69.03
32.16 55.62
62.88 71.46
56.80 73.26
47.28 62.49
49.83 66.11
51.11 56.11
66.93 84.16
53.08 62.06
52.21 64.67
47.60 52.66
53.93 69.37
64.44 59.19
43.14 47.53
51.88 67.90
56.86 78.30
43.32 68.34
63.82 52.92
61.65 74.88
51.84 66.53
66.21 76.60
55.48 74.09
44.64 85.41
59.02 68.55
49.82 68.17
47.55 47.57
54.22 66.17
48.07 46.61
50.03 45.84
60.40 62.38
72.91 56.99
50.49 69.02
58.60 59.98
56.11 64.90
58.20 89.43
48.03 49.72
58.26 69.92
65.71 82.89
54.43 75.47
47.61 67.23
66.22 66.44
50.56 62.19
73.46 74.29
57.07 57.95
61.19 50.36
53.24 48.59
64.36 53.49
52.94 68.72
47.14 83.99
51.50 64.35
57.53 56.31
55.05 56.57
40.42 85.11
47.11 88.65
61.67 75.11
63.01 81.21
54.30 66.15
70.38 75.16
51.71 67.12
59.22 46.45
50.38 64.38
61.65 57.39
45.18 55.76
51.57 67.80
65.71 84.89
51.47 66.84
29.14 72.45
56.16 62.56
58.89 84.49
49.70 70.02
58.25 63.58
42.00 73.00
40.56 84.85
61.26 60.39
40.91 76.86
50.26 49.79
51.57 67.83
38.98 59.52
39.62 47.71
68.51 54.61
65.65 53.37
53.43 58.45
45.45 61.70
62.03 78.76
60.10 49.61
61.13 73.33
69.23 62.62
44.01 57.44
58.96 66.03
63.29 60.61
51.39 75.47
38.46 75.12
49.97 79.48
28.19 69.46
65.63 49.27
51.06 57.64
50.21 49.25
62.91 72.25
55.35 74.14
55.01 70.62
51.78 66.74
51.77 61.08
51.20 51.18
60.68 64.03
67.74 59.76
69.24 78.29
47.30 65.82
50.19 54.81
32.53 67.21
51.38 61.73
44.73 62.12
61.47 72.67
59.63 66.41
49.96 63.38
48.96 69.73
60.92 83.85
53.14 67.17
46.40 45.37
44.75 84.33
36.03 64.80
46.09 65.35
38.29 72.46
53.04 67.88
54.59 63.97
41.37 77.05
66.10 63.57
71.54 78.84
51.42 67.95
52.23 68.62
51.49 89.90
54.24 53.00
45.47 58.82
40.63 83.05
45.51 61.07
67.39 68.44
54.44 64.84
51.73 53.46
46.12 61.00
31.08 66.42
39.89 68.41
67.54 80.65
57.84 58.05
46.94 66.88
51.08 70.10
64.78 77.63
48.43 79.10
72.35 61.31
46.86 44.93
50.02 73.82
59.48 64.80
44.60 68.19
65.08 51.00
53.43 71.69
61.89 72.59
68.53 65.70
40.01 60.29
54.29 66.82
48.18 76.30
40.95 61.66
55.40 80.40
63.28 78.29
40.94 61.65
49.93 67.54
46.58 71.14
38.87 55.17
59.97 68.37
52.28 68.72
44.84 86.95
44.62 73.43
58.86 72.68
60.17 63.87
35.45 69.27
68.63 82.07
33.89 72.29
40.27 78.49
41.08 78.39
58.05 76.90
32.32 55.58
54.21 80.85
41.47 87.57
43.18 84.89
59.31 62.86
52.01 79.45
56.84 64.77
40.39 56.97
53.02 66.74
51.14 53.36
40.48 65.87
50.86 87.30
29.72 60.00
41.15 56.05
66.84 82.66
63.21 51.77
38.96 77.97
51.04 65.07
66.42 58.19
51.88 66.79
32.18 62.33
58.56 69.77
62.32 62.43
35.77 63.96
53.20 89.11
46.32 70.20
64.12 79.85
48.47 51.13
46.96 82.21
44.94 62.25
58.79 74.19
58.60 74.97
39.58 64.98
54.95 86.19
56.71 57.48
50.55 73.52
44.69 61.74
56.16 59.74
64.45 68.75
43.15 68.27
47.63 61.96
72.78 69.01
34.36 61.07
35.34 72.89
69.80 76.09
51.65 67.59
46.89 67.30
50.00 56.97
51.79 66.87
30.56 74.57
51.95 68.34
36.15 74.12
69.88 74.97
47.48 71.52
50.32 65.08
39.21 82.40
50.64 60.36
60.50 68.85
56.83 70.86
60.15 74.63
47.38 66.30
44.46 72.75
60.79 44.63
54.46 66.81
52.91 67.18
59.70 73.94
55.15 72.84
61.22 75.82
54.07 61.55
46.12 76.98
46.72 76.28
48.97 50.53
52.88 67.21
43.88 83.13
52.02 70.85
45.23 75.04
61.27 51.32
52.41 48.89
61.63 54.74
46.15 49.49
57.73 87.87
56.89 85.62
45.86 73.52
45.82 61.59
53.58 62.83
36.48 50.14
49.42 64.17
54.61 74.73
64.30 77.70
60.07 57.56
60.00 64.59
55.85 70.22
70.52 63.24
32.20 73.66
37.93 52.53
51.71 63.26
71.18 62.15
57.54 88.85
50.10 74.40
32.12 65.81
52.05 64.30
51.80 70.08
42.24 67.16
60.61 72.70
65.91 63.33
74.15 61.42
60.60 86.95
51.42 64.99
55.26 65.46
55.69 66.38
46.77 79.44
37.37 76.69
49.25 60.73
39.92 58.12
30.39 75.80
54.09 67.91
51.88 71.61
45.60 62.10
53.80 49.16
42.19 80.38
42.25 52.10
47.48 60.70
36.60 80.02
60.62 66.63
44.09 65.10
70.75 52.86
47.32 47.07
57.19 71.59
60.09 61.95
39.88 79.08
55.58 59.21
41.77 63.05
51.99 65.06
53.21 63.23
59.72 56.62
51.35 70.52
39.72 69.12
38.12 84.00
46.76 86.57
55.21 74.51
41.54 83.57
50.79 65.03
50.85 67.56
33.87 72.24
44.53 66.78
40.80 50.36
50.75 74.42
47.78 69.87
51.11 67.46
47.45 64.41
48.21 70.83
50.61 46.52
53.88 46.92
50.90 64.59
50.50 67.15
66.94 52.40
69.93 61.55
58.82 55.75
47.89 73.95
47.49 61.20
66.39 80.15
55.94 72.63
42.50 65.96
39.94 72.30
52.13 45.59
51.95 66.89
53.51 64.54
71.20 60.55
65.94 62.12
45.17 52.96
42.20 66.05
56.66 79.18
60.65 73.55
52.05 66.06
47.13 76.00
51.00 77.59
52.16 56.17
56.64 58.14
58.02 65.16
55.35 71.91
49.54 83.65
54.84 61.19
54.03 68.79
51.71 48.07
50.38 67.52
41.74 68.77
73.99 64.84
39.10 76.11
50.99 64.74
46.86 66.02
51.61 66.46
33.71 71.83
54.97 76.23
49.13 60.38
48.18 65.57
65.68 52.20
67.22 78.90
67.68 61.37
46.47 67.35
47.59 82.90