50
-102.27 54.86
-42.41 17.42
-17.79 51.55
13.60 52.35
-72.35 -58.72
14.16 22.60
-29.19 37.33
-46.54 25.35
17.77 22.79
-27.65 18.67
-112.78 7.57
17.57 49.69
-76.15 6.46
-20.09 22.22
-95.32 75.53
-86.98 71.64
-90.08 15.37
-56.61 -25.05
-75.73 -59.31
-80.45 65.96
-43.82 94.12
0.12 34.49
-70.44 -5.04
11.26 34.70
-82.45 2.91
-38.48 17.12
-31.69 12.25
-77.77 -10.52
-31.99 -6.19
-25.97 75.55
-75.73 95.59
-17.77 -35.20
-30.31 19.55
-66.49 37.82
-25.41 50.39
-20.95 88.71
-14.67 59.68
-3.86 19.95
-4.64 -45.95
-35.43 22.58
-12.89 44.53
58.41 18.14
-110.13 13.41
-30.44 19.03
-43.60 -0.68
-56.87 42.16
-16.16 19.00
-24.91 32.02
-42.86 6.57
-82.22 1.11