1000
13.30 -56.59
17.14 -62.08
-21.85 -41.51
32.26 -32.97
9.08 -58.19
-5.38 -71.82
5.97 -58.25
37.04 -60.39
-25.22 -49.10
29.20 -68.23
10.48 -71.11
32.53 -47.33
5.77 -59.68
3.42 -83.69
20.82 -84.62
16.80 -84.23
-2.63 -75.03
5.78 -68.53
6.14 -58.75
1.56 -64.03
20.70 -87.51
16.77 -60.03
19.83 -56.86
-1.56 -25.89
-5.65 -67.28
13.24 -65.07
21.21 -61.57
-22.24 -48.91
-3.25 -72.65
5.66 -53.11
23.64 -65.09
13.62 -57.48
-10.36 -50.05
-4.70 -80.50
43.15 -60.34
14.40 -66.11
-19.74 -57.72
30.96 -39.48
10.78 -76.62
23.52 -58.67
0.69 -67.96
2.11 -87.35
8.46 -79.57
13.09 -54.08
1.67 -46.52
17.90 -72.05
1.02 -63.78
27.72 -82.84
7.88 -58.96
27.29 -58.64
13.62 -78.73
-14.46 -39.16
3.34 -66.75
14.46 -75.30
21.87 -66.03
14.19 -86.17
-4.36 -72.93
19.18 -44.00
1.66 -69.78
9.84 -68.00
5.79 -93.75
6.53 -36.68
-2.95 -56.59
5.94 -55.07
7.10 -60.34
2.24 -69.45
12.70 -43.61
8.33 -60.19
-20.01 -69.42
4.08 -40.75
3.09 -42.41
11.39 -57.85
-21.77 -71.82
6.20 -52.56
1.12 -55.79
9.30 -55.26
6.56 -64.53
-8.59 -60.57
4.24 -62.30
9.31 -26.59
8.71 -49.25
-5.44 -87.53
24.99 -61.49
2.31 -46.15
23.72 -69.78
31.00 -58.20
6.36 -64.98
9.46 -57.54
11.54 -49.40
-7.45 -56.96
-13.59 -64.61
22.55 -79.71
11.15 -50.10
-2.02 -51.34
8.92 -29.00
29.84 -47.83
-7.35 -65.90
34.93 -64.39
21.36 -43.68
18.38 -54.06
9.83 -58.87
9.10 -55.91
26.87 -46.31
17.70 -68.16
13.98 -67.51
20.83 -62.17
21.05 -52.83
-12.58 -76.59
14.49 -50.33
9.51 -57.83
2.72 -71.20
13.74 -61.67
16.60 -62.65
16.24 -88.28
9.92 -56.61
34.81 -42.30
11.09 -59.48
3.85 -68.56
8.67 -58.75
1.63 -40.25
23.80 -69.47
16.31 -63.81
41.50 -47.46
10.28 -40.10
1.78 -59.76
-0.54 -65.45
1.26 -58.19
-8.74 -54.03
-1.57 -47.67
0.04 -56.70
23.82 -46.60
-7.02 -70.38
9.54 -58.91
18.57 -55.71
18.25 -76.43
19.13 -51.09
-10.83 -74.98
-4.62 -91.12
-14.78 -59.20
30.77 -82.96
8.79 -56.86
8.63 -41.52
35.49 -62.21
20.89 -35.81
21.04 -60.98
25.83 -73.72
9.57 -55.86
23.07 -48.33
9.19 -61.24
6.14 -62.38
-12.30 -56.87
-2.27 -33.77
8.84 -61.89
8.87 -58.48
19.87 -24.34
2.53 -36.70
14.29 -54.34
27.15 -65.08
8.64 -55.56
5.18 -56.44
9.29 -66.36
5.60 -47.74
18.47 -91.21
22.35 -54.27
-10.83 -62.36
22.62 -37.31
8.09 -58.06
20.93 -46.38
1.52 -57.39
-21.98 -50.95
-5.77 -59.96
-12.97 -74.25
1.30 -37.56
2.17 -76.48
-2.13 -75.28
10.04 -62.40
-4.60 -51.89
6.46 -56.01
0.86 -57.61
12.44 -73.01
9.33 -57.76
41.42 -49.53
-9.50 -48.29
10.41 -63.96
39.20 -47.63
5.27 -49.89
29.17 -56.51
20.89 -27.94
-2.16 -55.34
32.74 -78.84
13.03 -58.15
-14.88 -63.55
11.14 -73.57
-8.87 -85.65
3.89 -50.41
5.85 -42.62
-4.16 -47.81
19.69 -54.48
-20.06 -55.96
2.21 -87.71
24.35 -46.78
9.63 -57.60
12.70 -59.69
-1.05 -53.96
14.41 -45.04
-2.53 -59.70
15.66 -58.14
7.47 -59.65
36.03 -63.63
18.69 -55.93
7.48 -69.19
10.72 -69.43
6.05 -61.62
36.05 -69.95
6.82 -62.30
-2.65 -78.41
-3.10 -83.29
30.60 -75.64
28.10 -47.18
20.38 -56.42
3.14 -66.01
-10.01 -53.53
-9.98 -71.92
6.09 -56.94
-4.98 -43.41
20.77 -69.83
9.58 -61.74
12.93 -35.31
-6.13 -56.73
3.49 -59.96
10.86 -63.59
15.96 -61.24
26.20 -58.65
31.71 -39.47
10.41 -55.90
6.03 -54.37
-3.41 -84.28
-19.05 -50.71
16.77 -64.33
27.21 -84.01
3.19 -50.68
-8.26 -38.82
5.34 -54.97
-10.75 -65.63
7.73 -89.05
12.58 -57.72
0.24 -40.57
42.11 -50.07
11.68 -69.27
4.61 -55.12
1.95 -25.19
9.40 -84.93
-23.24 -70.51
9.21 -50.74
22.09 -48.95
8.22 -61.45
15.40 -72.91
6.26 -59.79
5.50 -64.44
13.54 -56.39
9.06 -43.46
11.77 -58.88
28.40 -52.73
8.99 -58.39
25.82 -33.83
10.84 -68.29
24.05 -54.95
-6.49 -46.94
8.30 -79.39
30.76 -51.72
5.46 -88.16
1.55 -31.96
20.32 -74.14
8.04 -89.57
27.28 -56.00
35.30 -69.58
16.19 -64.34
25.55 -85.79
36.76 -76.46
11.77 -83.97
11.03 -58.11
-10.75 -57.97
10.26 -57.45
-11.84 -82.64
-19.94 -65.16
-2.47 -79.89
-0.29 -55.28
23.23 -89.60
14.79 -67.14
17.40 -76.49
-12.35 -35.92
27.22 -38.55
3.77 -66.07
20.57 -25.81
1.71 -77.17
-15.01 -82.97
-16.20 -60.19
8.84 -62.74
29.91 -55.38
-3.52 -52.06
26.78 -49.54
10.52 -61.39
25.90 -50.82
18.82 -79.08
16.64 -26.77
12.15 -80.89
-7.68 -45.69
26.64 -85.15
10.19 -59.68
7.87 -59.20
28.95 -58.17
7.86 -49.45
-4.02 -45.26
9.34 -57.87
-2.86 -50.38
27.17 -63.61
-2.48 -71.00
36.79 -58.36
-13.77 -47.70
-13.77 -76.84
-13.38 -52.78
11.06 -44.81
1.94 -28.45
10.89 -59.52
13.28 -54.83
5.41 -76.99
9.61 -61.96
-17.05 -82.22
14.43 -58.03
-15.73 -66.65
7.65 -43.61
22.79 -69.80
0.76 -27.30
-17.16 -76.44
2.45 -83.18
4.05 -52.68
3.66 -61.51
29.43 -54.41
-8.84 -84.00
41.75 -51.43
-17.92 -54.18
26.62 -78.44
8.42 -67.47
-5.99 -49.47
15.23 -32.31
27.03 -28.95
-7.86 -55.55
7.57 -56.94
34.28 -68.15
-25.58 -55.25
19.33 -37.55
22.18 -85.46
-16.25 -47.61
-10.58 -81.65
9.73 -61.36
22.87 -77.72
0.23 -53.95
-16.23 -62.79
10.77 -52.57
38.13 -74.84
21.20 -66.07
10.97 -60.16
18.16 -48.19
14.23 -50.89
9.25 -55.72
5.07 -80.63
-5.38 -56.91
18.76 -41.51
-17.48 -38.62
37.48 -56.25
2.06 -57.28
-21.00 -51.08
-19.85 -72.89
40.67 -42.89
34.09 -69.39
23.29 -26.05
36.15 -45.55
9.16 -55.89
5.66 -51.86
6.91 -44.90
28.33 -56.49
42.58 -69.45
-8.34 -62.93
5.28 -56.32
38.10 -74.67
19.21 -46.89
5.16 -44.65
2.47 -38.03
-17.73 -74.10
0.45 -68.46
-2.96 -43.99
-10.40 -36.09
20.67 -68.00
-5.63 -73.67
16.35 -59.63
11.36 -90.38
37.18 -79.10
-16.42 -55.92
16.04 -72.27
-14.90 -36.37
-4.96 -35.59
20.54 -44.16
26.27 -44.12
-6.79 -57.90
17.76 -81.36
9.95 -53.53
14.67 -59.78
-7.97 -70.15
23.46 -31.70
16.32 -55.09
12.29 -54.58
29.38 -37.12
7.82 -58.52
-12.64 -54.31
-4.04 -59.75
32.55 -39.22
-11.50 -35.54
0.06 -57.40
2.22 -73.85
25.94 -27.75
21.93 -46.43
1.78 -69.93
11.50 -58.96
17.19 -62.40
4.24 -57.95
4.23 -23.23
17.92 -78.42
0.45 -69.72
21.49 -57.41
8.01 -62.48
27.44 -61.48
-13.18 -38.66
19.65 -52.83
20.92 -86.80
24.68 -80.29
7.76 -23.24
-13.90 -32.37
40.41 -49.51
13.82 -47.83
-24.29 -48.33
31.96 -64.08
2.78 -33.15
28.76 -38.93
31.20 -33.42
44.52 -58.27
-7.04 -84.19
8.38 -59.23
7.71 -57.05
31.99 -71.90
2.35 -58.81
22.71 -34.78
5.56 -85.47
1.49 -75.68
25.63 -80.18
7.65 -89.12
-1.88 -60.58
33.47 -53.23
-20.29 -55.11
9.14 -63.78
3.61 -36.92
-19.68 -52.54
28.06 -86.22
14.10 -58.35
15.05 -62.76
-17.19 -38.72
2.34 -71.51
17.20 -40.02
21.01 -50.27
21.67 -30.09
5.38 -91.85
7.98 -25.25
2.34 -65.25
17.50 -52.85
5.08 -56.81
4.98 -88.25
-4.63 -80.52
5.84 -64.66
-1.39 -43.27
4.92 -82.11
1.46 -62.97
6.50 -61.92
5.01 -67.01
-4.66 -85.04
1.75 -85.05
3.74 -88.43
12.15 -73.70
0.14 -92.03
7.57 -43.55
-19.22 -63.16
-6.40 -78.26
0.45 -54.59
-1.76 -55.19
10.55 -61.97
16.25 -85.84
27.40 -52.74
1.86 -69.97
-6.00 -78.57
-3.07 -61.81
17.03 -50.05
12.57 -49.98
-1.04 -86.88
24.71 -88.87
-1.76 -48.36
9.73 -55.18
17.85 -89.37
24.33 -32.12
13.15 -51.33
-3.39 -39.85
-20.01 -37.30
4.08 -58.97
-7.70 -60.05
12.01 -52.37
3.05 -59.60
-16.72 -56.95
32.08 -62.35
-15.17 -59.76
-6.26 -76.76
19.48 -52.74
8.17 -57.93
17.93 -62.59
14.09 -52.39
5.65 -57.23
6.49 -68.55
4.25 -30.35
13.17 -60.36
-14.09 -75.20
24.68 -59.60
-12.17 -76.12
-9.76 -57.17
10.34 -54.88
11.78 -74.52
25.53 -39.98
23.54 -55.48
1.92 -55.56
-7.39 -57.30
2.98 -70.09
-12.87 -53.30
12.81 -60.44
14.42 -61.34
6.15 -51.82
39.09 -59.18
0.01 -26.88
-4.62 -90.60
-23.45 -59.19
15.18 -57.89
-6.72 -77.26
-11.93 -39.33
16.12 -31.67
23.45 -59.97
24.48 -75.31
25.58 -56.33
24.81 -47.18
0.69 -73.43
8.53 -58.77
13.74 -37.75
-23.42 -45.39
14.51 -63.06
18.51 -33.96
-4.34 -74.00
9.35 -83.03
-8.30 -42.73
-4.11 -52.83
22.45 -34.61
18.97 -37.64
7.45 -53.16
7.67 -59.38
-0.51 -64.23
15.75 -82.90
7.91 -67.56
18.62 -71.20
-21.57 -43.59
14.74 -49.65
20.00 -56.44
18.42 -65.97
31.86 -52.55
-0.10 -37.05
23.43 -54.59
19.21 -33.60
3.05 -53.74
0.90 -48.00
-11.81 -45.08
43.64 -58.72
-3.71 -91.65
6.79 -30.11
9.24 -43.05
5.99 -55.35
-11.23 -45.03
27.65 -59.33
19.59 -69.37
34.57 -40.08
-23.13 -64.08
1.57 -45.53
19.53 -41.05
11.67 -76.58
23.59 -71.54
9.05 -53.66
17.11 -51.88
6.56 -49.98
36.70 -52.49
12.05 -38.75
4.01 -66.94
29.23 -64.50
10.76 -56.34
-24.76 -60.23
25.41 -89.77
27.05 -70.01
21.45 -56.79
16.49 -62.24
9.28 -64.68
6.72 -83.08
19.56 -78.59
41.09 -71.73
14.94 -25.59
7.79 -66.40
10.77 -67.09
-24.50 -64.99
-6.49 -63.36
-8.14 -61.44
-12.87 -47.76
8.21 -59.49
3.30 -65.49
-7.10 -71.63
19.54 -79.42
19.54 -74.06
11.11 -37.51
11.52 -37.71
6.86 -59.06
14.78 -58.57
-13.32 -41.37
33.97 -52.73
5.92 -64.00
-4.63 -73.31
16.50 -55.75
13.60 -61.62
13.95 -41.96
6.81 -78.73
25.12 -32.79
-3.43 -59.20
34.42 -82.31
-2.69 -63.64
12.56 -59.79
22.17 -33.08
26.21 -62.12
7.75 -52.51
18.56 -66.76
-1.98 -61.20
23.48 -71.89
10.27 -64.38
-8.76 -30.09
-11.92 -45.15
7.03 -39.07
4.91 -54.94
-6.27 -57.30
-18.12 -40.83
8.26 -45.09
-25.82 -54.40
10.01 -65.13
0.76 -80.18
20.01 -82.27
36.47 -37.21
2.86 -33.84
6.61 -35.34
11.47 -63.70
10.34 -57.18
8.50 -63.98
3.35 -75.63
8.74 -58.43
5.96 -56.91
14.01 -58.60
-20.94 -61.03
12.43 -66.31
-24.37 -45.56
-3.39 -75.54
6.37 -54.11
21.85 -47.62
15.86 -44.26
21.05 -51.05
-5.55 -64.66
-23.46 -56.92
30.55 -48.53
12.52 -50.78
10.71 -30.93
27.45 -81.43
32.48 -61.60
-21.34 -59.75
23.43 -48.48
-2.70 -57.50
25.47 -67.70
6.46 -62.71
1.97 -64.13
-1.01 -84.32
21.11 -32.96
12.30 -30.75
-1.86 -82.58
-13.07 -44.64
34.68 -65.38
-12.00 -60.83
2.67 -54.96
17.78 -68.33
11.12 -44.21
19.20 -66.64
5.18 -69.03
17.15 -69.04
-12.89 -61.37
21.60 -72.03
7.17 -53.76
26.60 -67.53
-0.31 -43.59
9.55 -52.83
9.43 -58.83
12.27 -80.87
12.60 -28.75
19.12 -56.26
-2.29 -78.67
39.20 -48.22
4.93 -26.58
16.47 -25.52
-6.60 -27.42
6.74 -59.48
-16.21 -75.11
24.85 -60.15
40.87 -55.60
-15.47 -37.04
20.56 -53.76
-6.65 -42.72
7.54 -24.92
9.51 -63.53
-7.35 -52.09
27.38 -36.54
7.53 -62.06
15.56 -57.95
-20.01 -79.24
16.06 -61.46
4.88 -42.53
2.99 -40.79
39.75 -64.45
11.00 -68.12
22.21 -25.90
5.80 -53.03
10.78 -66.83
19.36 -35.28
9.77 -59.43
-24.59 -64.13
9.00 -68.94
-11.32 -45.76
18.57 -71.00
-4.05 -50.70
-13.51 -85.37
-2.74 -53.68
30.93 -83.00
19.03 -82.68
38.27 -53.74
17.48 -77.74
9.66 -65.79
3.67 -56.88
21.29 -73.55
-10.11 -70.98
-12.58 -72.16
13.17 -57.86
11.66 -70.20
12.89 -72.94
21.79 -77.10
3.61 -63.54
-7.37 -64.41
6.83 -57.08
14.15 -72.42
8.43 -50.13
22.40 -84.65
11.41 -57.55
12.18 -37.39
19.80 -44.12
10.72 -55.96
16.90 -83.37
25.60 -78.34
34.58 -44.79
10.13 -35.20
1.47 -28.14
11.59 -56.81
-20.37 -72.71
31.32 -61.20
41.71 -45.48
14.63 -30.82
0.49 -65.90
7.67 -57.32
-6.73 -75.98
20.31 -39.50
0.27 -84.75
-1.93 -59.59
26.18 -54.13
3.54 -45.79
12.85 -57.56
28.55 -60.30
1.79 -67.05
9.13 -56.09
6.34 -65.53
10.98 -51.13
35.81 -59.05
22.29 -51.59
-12.44 -53.26
6.33 -41.87
11.90 -56.54
20.12 -69.03
7.31 -86.12
6.04 -44.35
13.75 -85.60
25.44 -71.54
25.61 -34.91
31.38 -36.61
35.00 -69.05
21.37 -57.61
-12.18 -66.67
2.99 -53.48
-4.45 -72.97
16.92 -43.80
11.95 -59.74
14.24 -43.40
9.15 -58.55
9.55 -60.79
-12.97 -54.32
6.68 -56.69
4.60 -66.10
18.65 -54.69
23.15 -32.68
4.09 -62.45
5.10 -58.96
7.66 -80.47
10.48 -61.01
5.96 -62.01
-4.86 -67.82
-17.84 -69.75
7.94 -39.51
-17.47 -64.66
11.29 -62.54
9.55 -70.07
-0.19 -52.26
3.48 -60.16
6.21 -57.45
26.37 -71.14
13.97 -79.82
6.29 -76.43
16.18 -49.70
-5.04 -48.93
-19.00 -78.97
7.14 -57.61
13.55 -63.56
8.81 -58.48
9.27 -62.65
8.18 -48.91
-8.84 -70.18
9.45 -58.70
8.86 -58.24
23.18 -50.58
29.52 -49.24
8.07 -23.41
-21.53 -56.67
25.92 -27.71
-12.52 -51.41
-7.60 -70.50
7.53 -59.60
8.84 -56.74
25.56 -52.97
-17.29 -81.26
10.87 -29.30
-17.74 -41.84
32.54 -76.22
14.50 -67.94
9.19 -61.00
0.66 -89.77
31.82 -77.25
-4.18 -90.06
21.64 -62.93
39.35 -56.22
-3.96 -52.41
-11.81 -51.16
7.70 -59.97
-14.88 -65.83
-2.68 -80.59
3.04 -58.94
40.39 -50.18
8.07 -91.44
10.07 -24.88
29.47 -56.47
8.35 -58.25
23.93 -79.20
3.53 -70.86
10.63 -77.36
-8.89 -44.42
36.15 -53.82
-13.62 -39.20
21.41 -69.53
9.58 -56.91
8.62 -73.71
-15.91 -75.48
9.34 -67.74
16.37 -36.84
-7.27 -66.28
22.37 -50.27
-11.25 -52.35
1.18 -39.13
19.36 -60.89
28.15 -88.14
-9.13 -76.90
0.44 -58.34
30.41 -49.42
31.07 -35.62
39.62 -72.09
1.17 -50.93
23.97 -39.28
41.69 -69.74
-15.68 -79.06
4.62 -55.43
3.12 -61.57
11.32 -75.60
10.07 -57.71
7.23 -55.78
9.78 -57.75
9.09 -64.78
-13.17 -45.90
2.92 -51.26
19.20 -44.61
-6.73 -50.48
9.48 -61.03
10.66 -86.92
15.04 -90.81
21.00 -80.35
17.02 -69.61
1.40 -62.19
6.60 -73.54
-3.41 -55.95
-17.05 -46.66
22.09 -84.02
27.14 -58.92
12.57 -37.86
16.64 -70.77
25.14 -71.18
40.56 -43.10
19.31 -53.74
30.56 -36.76
15.37 -86.97
-22.77 -64.64
2.58 -37.22
16.94 -69.19
20.97 -86.96
12.33 -37.94
1.74 -51.06
28.16 -45.06
12.31 -52.05
9.47 -61.41
-5.08 -58.51
30.64 -61.97
-2.31 -66.94
8.51 -59.81
28.28 -72.19
-21.10 -57.39
7.95 -82.75
8.54 -57.36
7.65 -57.49
13.54 -61.11
7.96 -66.13
3.99 -58.44
9.84 -61.92
1.51 -38.12
-3.60 -90.22
7.00 -55.79
6.97 -64.92
-0.95 -64.47
1.28 -50.14
19.67 -59.52
14.74 -50.63
25.25 -62.81
-22.87 -59.07
17.21 -62.22
-18.96 -41.37
28.92 -35.87
13.98 -58.93
8.67 -35.47
10.54 -30.79
6.76 -78.02
-11.79 -84.29
11.00 -56.13
-1.68 -51.59
-4.67 -79.88
36.43 -54.79
30.66 -51.22
13.15 -54.24
19.87 -92.19
6.60 -36.13
-25.39 -66.12
20.24 -79.65
19.61 -79.59
-1.56 -31.41
6.48 -59.56
-4.35 -72.74
-2.22 -56.88
0.98 -52.37
-6.39 -73.54
-3.30 -32.14
0.13 -63.58
19.77 -63.49
-13.86 -58.92